eval_loss = 0.936137855052948
eval_f1 = 0.625363140918068
eval_runtime = 22.0235
eval_samples_per_second = 241.288
eval_steps_per_second = 30.195
epoch = 3.0
