0.042126,0.423796,0.170562,0.289004,0.074513
0.806498,0.087020,0.025623,0.038615,0.042245
0.063210,0.001790,0.012326,0.006420,0.916255
0.847071,0.033755,0.042173,0.069261,0.007741
0.831951,0.034608,0.062179,0.026124,0.045137
0.001332,0.697252,0.227029,0.008189,0.066198
0.116242,0.129677,0.074177,0.248014,0.431890
0.008200,0.002106,0.001746,0.013841,0.974107
0.000603,0.563106,0.000357,0.000374,0.435560
0.953035,0.002166,0.016902,0.025472,0.002425
0.039810,0.686614,0.244820,0.016989,0.011768
0.085374,0.256879,0.450836,0.186474,0.020437
0.021267,0.768969,0.050620,0.027846,0.131298
0.430449,0.109474,0.191384,0.045814,0.222878
0.127170,0.005742,0.031903,0.827636,0.007548
0.611261,0.098816,0.134014,0.095030,0.060879
0.031774,0.011110,0.141292,0.004334,0.811491
0.003902,0.020445,0.033708,0.924044,0.017902
0.004625,0.005180,0.960461,0.001951,0.027784
0.181545,0.080246,0.090931,0.323639,0.323639
0.005582,0.113668,0.002668,0.025165,0.852916
0.000155,0.258590,0.739539,0.001248,0.000468
0.003029,0.002234,0.992171,0.000279,0.002287
0.101766,0.433502,0.404068,0.021583,0.039081
0.009654,0.799834,0.001118,0.187947,0.001446
0.000554,0.000567,0.002521,0.000599,0.995760
0.111533,0.226848,0.265212,0.261611,0.134797
0.014466,0.007505,0.008774,0.022102,0.947153
0.001603,0.297520,0.017033,0.331908,0.351937
0.000090,0.999521,0.000082,0.000230,0.000078
0.667934,0.067968,0.056347,0.147300,0.060452
0.140567,0.281743,0.098901,0.386604,0.092186
0.191106,0.003366,0.802234,0.002242,0.001051
0.253502,0.266838,0.031529,0.447964,0.000166
0.148926,0.042007,0.106849,0.640619,0.061599
0.668421,0.013951,0.316589,0.000457,0.000583
0.990812,0.001438,0.001044,0.002625,0.004081
0.062162,0.033665,0.054644,0.552967,0.296561
0.108446,0.116573,0.350753,0.278011,0.146216
0.003394,0.141508,0.064283,0.001548,0.789268
0.331051,0.659662,0.002567,0.003537,0.003183
0.447331,0.275829,0.137431,0.007822,0.131587
0.012398,0.586967,0.291707,0.096383,0.012544
0.000706,0.000812,0.997184,0.000569,0.000728
0.051572,0.407233,0.359382,0.155780,0.026034
0.005224,0.019638,0.308840,0.127680,0.538619
0.000121,0.998082,0.001058,0.000217,0.000522
0.152402,0.389171,0.094813,0.207902,0.155711
0.663704,0.029505,0.248979,0.009357,0.048456
0.001375,0.988878,0.006140,0.001534,0.002073
0.027967,0.050840,0.178841,0.048702,0.693650
0.204842,0.229412,0.271372,0.139146,0.155228
0.515408,0.174547,0.206069,0.050009,0.053967
0.027704,0.142351,0.188584,0.338825,0.302536
0.064944,0.047144,0.219701,0.294487,0.373724
0.269741,0.051380,0.509758,0.063076,0.106045
0.011926,0.155876,0.007551,0.003918,0.820729
0.318594,0.067568,0.003872,0.016494,0.593472
0.000244,0.000097,0.105084,0.004346,0.890229
0.858781,0.117629,0.003056,0.020203,0.000331
0.030981,0.004940,0.946080,0.003278,0.014720
0.938143,0.038345,0.002998,0.011424,0.009090
0.097899,0.092328,0.493305,0.207253,0.109215
0.525063,0.070507,0.016359,0.200855,0.187217
0.046783,0.512882,0.112665,0.291092,0.036577
0.039849,0.080340,0.001353,0.877340,0.001117
0.695041,0.005005,0.284688,0.003024,0.012242
0.262686,0.698877,0.021859,0.010695,0.005883
0.012745,0.057120,0.040822,0.026667,0.862645
0.261547,0.086587,0.459029,0.081659,0.111179
0.076473,0.336098,0.540239,0.008284,0.038906
0.603873,0.000131,0.000124,0.000228,0.395643
0.001149,0.000796,0.792346,0.205438,0.000272
0.070972,0.747894,0.171253,0.008136,0.001746
0.302304,0.148487,0.008848,0.452042,0.088320
0.977726,0.000556,0.003800,0.002107,0.015811
0.201630,0.472480,0.135368,0.093401,0.097122
0.034282,0.618438,0.290423,0.052070,0.004787
0.398244,0.378525,0.060597,0.096081,0.066553
0.023433,0.025337,0.889674,0.032280,0.029277
0.003590,0.004574,0.066430,0.002976,0.922430
0.026674,0.008796,0.217312,0.738036,0.009182
0.598393,0.038856,0.064566,0.137758,0.160427
0.072347,0.035122,0.067435,0.030395,0.794700
0.452889,0.000191,0.543628,0.003130,0.000162
0.140739,0.203180,0.297362,0.140739,0.217980
0.027089,0.015136,0.083114,0.849313,0.025348
0.887772,0.000702,0.000978,0.047234,0.063313
0.001686,0.000530,0.008233,0.003392,0.986158
0.213995,0.252148,0.218216,0.160902,0.154738
0.065294,0.187830,0.327087,0.145428,0.274361
0.081475,0.027184,0.656049,0.119943,0.115348
0.004808,0.623033,0.001388,0.369496,0.001274
0.267422,0.086851,0.033813,0.581187,0.030727
0.094219,0.067863,0.086460,0.433964,0.317495
0.154091,0.103049,0.000885,0.021770,0.720206
0.008478,0.002477,0.002006,0.146936,0.840104
0.675273,0.011003,0.007802,0.019924,0.285998
0.028460,0.034062,0.164418,0.072675,0.700384
0.048335,0.808007,0.041022,0.004996,0.097640
0.068843,0.015301,0.718758,0.137984,0.059115
0.353954,0.054920,0.247100,0.267178,0.076848
0.177880,0.214564,0.206344,0.216247,0.184966
0.002131,0.000828,0.000543,0.986174,0.010324
0.013076,0.006225,0.236347,0.701478,0.042874
0.027360,0.518769,0.002872,0.002918,0.448081
0.017663,0.963913,0.003236,0.012648,0.002540
0.045220,0.005014,0.004711,0.931635,0.013419
0.002308,0.000661,0.001032,0.858959,0.137040
0.891074,0.073718,0.006698,0.007472,0.021038
0.023821,0.387472,0.387472,0.048309,0.152926
0.144793,0.045030,0.680060,0.062518,0.067599
0.013011,0.146024,0.013216,0.741570,0.086179
0.000124,0.025634,0.643580,0.000224,0.330438
0.062794,0.253747,0.018203,0.088380,0.576876
0.001098,0.004463,0.984604,0.001530,0.008305
0.034324,0.041728,0.000651,0.011297,0.912000
0.462908,0.071197,0.001707,0.002634,0.461553
0.243542,0.259249,0.103931,0.168039,0.225239
0.014318,0.129368,0.005910,0.784006,0.066398
0.145753,0.275243,0.560367,0.016578,0.002059
0.000873,0.989759,0.000562,0.000647,0.008159
0.531438,0.277869,0.054502,0.068361,0.067829
0.010224,0.035545,0.164359,0.784114,0.005757
0.069449,0.090225,0.089523,0.038353,0.712451
0.000037,0.000531,0.537815,0.000250,0.461367
0.035480,0.366833,0.164700,0.398193,0.034794
0.116324,0.272317,0.311452,0.198843,0.101064
0.011795,0.010656,0.044253,0.914152,0.019145
0.000199,0.645978,0.000177,0.352673,0.000974
0.645891,0.151329,0.096567,0.039323,0.066890
0.949779,0.048455,0.000620,0.000560,0.000587
0.000936,0.003343,0.990998,0.003056,0.001668
0.000667,0.241656,0.428909,0.000955,0.327814
0.045775,0.060879,0.001495,0.028983,0.862868
0.450376,0.029648,0.032561,0.453023,0.034392
0.064400,0.008514,0.675007,0.048612,0.203467
0.133607,0.080564,0.292111,0.087965,0.405753
0.197862,0.194224,0.184247,0.217521,0.206146
0.009422,0.004503,0.029536,0.954921,0.001618
0.002715,0.381166,0.581564,0.000757,0.033797
0.099940,0.161586,0.108484,0.166065,0.463926
0.101517,0.611030,0.122453,0.143722,0.021279
0.050048,0.084968,0.683506,0.003697,0.177782
0.035199,0.700806,0.021101,0.235429,0.007465
0.397852,0.355242,0.163278,0.062949,0.020678
0.025229,0.951909,0.010074,0.010558,0.002230
0.326865,0.173596,0.165647,0.166946,0.166946
0.000945,0.088761,0.020196,0.741741,0.148357
0.013759,0.159321,0.266813,0.093660,0.466446
0.022766,0.049147,0.084918,0.373217,0.469951
0.005736,0.097390,0.055927,0.836410,0.004537
0.000206,0.285951,0.007396,0.002203,0.704244
0.014407,0.426409,0.032593,0.297681,0.228910
0.054475,0.842202,0.009634,0.003435,0.090253
0.998137,0.000171,0.000186,0.000399,0.001107
0.000484,0.097941,0.001715,0.899550,0.000310
0.277410,0.002814,0.383269,0.049591,0.286915
0.166367,0.225626,0.054355,0.468055,0.085596
0.170410,0.001852,0.391216,0.435157,0.001366
0.006479,0.010977,0.922866,0.038017,0.021661
0.038070,0.099133,0.523492,0.031561,0.307745
0.230284,0.337690,0.283255,0.020599,0.128173
0.000747,0.000525,0.000129,0.998400,0.000199
0.111122,0.091764,0.346313,0.421010,0.029791
0.001671,0.000756,0.001503,0.001953,0.994117
0.395286,0.067592,0.007083,0.112535,0.417505
0.020875,0.476516,0.006123,0.439630,0.056856
0.030608,0.147746,0.013477,0.230629,0.577540
0.000102,0.000085,0.000099,0.000094,0.999619
0.001774,0.000415,0.000623,0.000418,0.996770
0.015952,0.013806,0.001362,0.967845,0.001036
0.028330,0.176234,0.455000,0.339782,0.000654
0.000326,0.000323,0.002092,0.013751,0.983507
0.003173,0.403220,0.277535,0.005398,0.310673
0.399503,0.353940,0.018395,0.064206,0.163956
0.084838,0.282004,0.173398,0.435923,0.023836
0.089807,0.477965,0.063683,0.085360,0.283185
0.029620,0.253890,0.273451,0.424357,0.018681
0.155105,0.760847,0.045537,0.000538,0.037973
0.050163,0.002679,0.048620,0.898331,0.000207
0.041970,0.031311,0.000344,0.000309,0.926066
0.008263,0.008040,0.006744,0.976238,0.000716
0.329981,0.007463,0.639169,0.016237,0.007149
0.069180,0.079937,0.720870,0.066530,0.063483
0.325693,0.024871,0.387526,0.213595,0.048315
0.004006,0.000853,0.000551,0.993884,0.000707
0.376558,0.019362,0.580383,0.005041,0.018656
0.388517,0.092823,0.335578,0.177183,0.005899
0.001581,0.000451,0.988653,0.001468,0.007845
0.184110,0.025235,0.497297,0.059481,0.233877
0.060646,0.144069,0.037363,0.069260,0.688661
0.000264,0.019844,0.012130,0.454737,0.513025
0.102411,0.060676,0.067162,0.067162,0.702588
0.601706,0.100555,0.047685,0.187862,0.062193
0.023201,0.031712,0.534281,0.060415,0.350390
0.181286,0.005163,0.437439,0.162504,0.213608
0.183908,0.039695,0.598027,0.173951,0.004419
0.020283,0.061749,0.036442,0.875193,0.006333
0.001460,0.009692,0.000109,0.988641,0.000098
0.000134,0.004173,0.471707,0.000449,0.523537
0.012376,0.085569,0.092884,0.013020,0.796151
0.130631,0.866078,0.001536,0.001098,0.000658
0.063808,0.433928,0.005947,0.412442,0.083875
0.732482,0.014677,0.012652,0.194088,0.046100
0.002316,0.015891,0.373151,0.098106,0.510536
0.049824,0.173904,0.047543,0.439763,0.288967
0.018785,0.007158,0.928407,0.036637,0.009013
0.437806,0.023203,0.201423,0.335350,0.002218
0.000946,0.001349,0.994419,0.001253,0.002034
0.062882,0.129025,0.343272,0.456541,0.008281
0.003157,0.017746,0.977826,0.000675,0.000595
0.019388,0.051380,0.844150,0.065078,0.020003
0.025330,0.932131,0.004317,0.034353,0.003869
0.587659,0.008399,0.147140,0.005530,0.251272
0.085022,0.553328,0.317130,0.026133,0.018387
0.598313,0.085524,0.025579,0.053520,0.237064
0.009647,0.074120,0.138205,0.031631,0.746398
0.203208,0.538395,0.049182,0.193028,0.016187
0.215958,0.048470,0.465290,0.129206,0.141076
0.010760,0.150578,0.609076,0.002657,0.226929
0.018704,0.048137,0.287480,0.626078,0.019602
0.040925,0.617456,0.043395,0.002255,0.295969
0.026367,0.917311,0.055170,0.000572,0.000579
0.003342,0.004640,0.971983,0.016708,0.003329
0.246644,0.275151,0.428667,0.042031,0.007506
0.014259,0.004721,0.490051,0.330938,0.160031
0.007671,0.176055,0.165631,0.324686,0.325957
0.998846,0.000462,0.000189,0.000220,0.000283
0.989743,0.002601,0.002314,0.002463,0.002879
0.270613,0.148573,0.436761,0.060589,0.083464
0.015086,0.132637,0.015504,0.007439,0.829333
0.045475,0.040131,0.885284,0.007629,0.021481
0.835291,0.114839,0.002095,0.017406,0.030370
0.038118,0.419524,0.197783,0.341738,0.002838
0.443931,0.268208,0.071906,0.049420,0.166534
0.000420,0.000203,0.000093,0.000324,0.998959
0.099720,0.569381,0.153247,0.100895,0.076757
0.062770,0.024106,0.784357,0.064258,0.064510
0.121680,0.115656,0.391640,0.370797,0.000227
0.179017,0.260469,0.032096,0.497188,0.031230
0.126827,0.141486,0.354308,0.132914,0.244465
0.000591,0.015410,0.980739,0.000823,0.002438
0.054968,0.041654,0.422340,0.265328,0.215710
0.023214,0.017591,0.008342,0.947416,0.003437
0.021523,0.066294,0.590875,0.018337,0.302971
0.435280,0.096368,0.120873,0.205612,0.141868
0.112241,0.006729,0.531440,0.010795,0.338795
0.002062,0.002617,0.002030,0.992440,0.000850
0.043060,0.279693,0.008154,0.008546,0.660547
0.044092,0.008014,0.000882,0.008140,0.938872
0.032704,0.050258,0.044701,0.820686,0.051651
0.386382,0.021756,0.059138,0.327918,0.204806
0.020204,0.421964,0.035045,0.399508,0.123279
0.001523,0.993228,0.001272,0.002331,0.001646
0.093237,0.008430,0.057610,0.181571,0.659152
0.001769,0.964107,0.004753,0.000709,0.028662
0.233650,0.181967,0.313185,0.145645,0.125553
0.008261,0.963218,0.002968,0.001836,0.023717
0.307751,0.055393,0.482272,0.015870,0.138714
0.113944,0.007679,0.006341,0.001674,0.870363
0.053559,0.006600,0.205314,0.720826,0.013702
0.966701,0.030999,0.001016,0.000155,0.001129
0.047624,0.039791,0.259470,0.183275,0.469840
0.987669,0.000444,0.003022,0.004718,0.004147
0.241010,0.179104,0.172242,0.209394,0.198250
0.025343,0.443122,0.009215,0.138080,0.384240
0.239367,0.084757,0.016463,0.138180,0.521232
0.751897,0.082447,0.010544,0.136463,0.018650
0.471234,0.055843,0.387626,0.037345,0.047952
0.061879,0.059046,0.082297,0.074641,0.722137
0.060233,0.023773,0.105300,0.635039,0.175656
0.016021,0.107997,0.002575,0.008882,0.864525
0.055590,0.288723,0.165820,0.422352,0.067515
0.052385,0.088762,0.843795,0.005331,0.009728
0.365074,0.004454,0.025582,0.006792,0.598097
0.049771,0.009743,0.003727,0.006775,0.929983
0.050559,0.893992,0.040074,0.014829,0.000547
0.010924,0.773352,0.169551,0.033648,0.012525
0.002821,0.050997,0.820235,0.125542,0.000405
0.088764,0.527015,0.012346,0.263966,0.107909
0.017106,0.222921,0.006123,0.559604,0.194246
0.000954,0.000788,0.940135,0.004276,0.053848
0.966207,0.004303,0.000991,0.000983,0.027516
0.000094,0.936422,0.000602,0.000084,0.062798
0.001130,0.620525,0.003548,0.199278,0.175519
0.018505,0.009125,0.168845,0.005449,0.798076
0.330472,0.511346,0.063691,0.023022,0.071470
0.015015,0.001447,0.977337,0.004105,0.002097
0.158887,0.278855,0.516915,0.029049,0.016295
0.047072,0.106077,0.154946,0.666512,0.025393
0.659072,0.000668,0.000868,0.000751,0.338640
0.060382,0.345104,0.145984,0.286941,0.161589
0.000119,0.954220,0.044980,0.000188,0.000493
0.564418,0.000502,0.000578,0.000160,0.434342
0.720194,0.001306,0.000982,0.277389,0.000129
0.333056,0.029388,0.229353,0.096547,0.311657
0.007343,0.011284,0.098051,0.859528,0.023795
0.178985,0.309259,0.299744,0.129423,0.082588
0.516346,0.099319,0.064125,0.224695,0.095514
0.293744,0.128327,0.189655,0.348829,0.039445
0.103959,0.087542,0.277124,0.435977,0.095398
0.005484,0.003500,0.002581,0.000375,0.988061
0.003689,0.010634,0.006500,0.923461,0.055716
0.019436,0.024094,0.925570,0.016113,0.014786
0.010112,0.061219,0.167062,0.586529,0.175079
0.130369,0.237920,0.462651,0.164963,0.004098
0.563809,0.001071,0.003063,0.431602,0.000455
0.068919,0.048680,0.074229,0.078708,0.729463
0.003280,0.966334,0.015050,0.003242,0.012093
0.010438,0.000637,0.601363,0.000051,0.387511
0.072860,0.066340,0.372917,0.065312,0.422571
0.004223,0.510599,0.013009,0.004531,0.467637
0.212596,0.289205,0.469827,0.026274,0.002099
0.023241,0.681858,0.067777,0.088054,0.139070
0.563845,0.176730,0.061315,0.074250,0.123860
0.007635,0.099010,0.013717,0.724481,0.155157
0.829170,0.000262,0.121535,0.048818,0.000214
0.751477,0.200683,0.007646,0.009478,0.030716
0.028157,0.023990,0.437881,0.260961,0.249010
0.267532,0.103546,0.183155,0.089263,0.356505
0.283129,0.110443,0.286607,0.141950,0.177871
0.000368,0.998849,0.000403,0.000142,0.000238
0.461357,0.432137,0.057915,0.007363,0.041229
0.106326,0.085770,0.072792,0.651328,0.083783
0.967152,0.009976,0.008566,0.000988,0.013319
0.199180,0.654042,0.000397,0.020022,0.126359
0.821402,0.141731,0.000310,0.033078,0.003480
0.001701,0.006468,0.000452,0.988755,0.002624
0.100046,0.065612,0.111174,0.686364,0.036805
0.000163,0.000148,0.000577,0.000210,0.998902
0.073612,0.044648,0.058005,0.785246,0.038489
0.002520,0.009363,0.006588,0.006640,0.974889
0.004209,0.024697,0.003435,0.964604,0.003055
0.079188,0.168955,0.661736,0.007780,0.082342
0.048594,0.017025,0.012801,0.863874,0.057707
0.144619,0.272303,0.186422,0.230200,0.166456
0.003788,0.593763,0.016910,0.017583,0.367956
0.066957,0.022253,0.023968,0.836675,0.050148
0.000249,0.000434,0.998901,0.000240,0.000176
0.010761,0.004451,0.540178,0.317554,0.127057
0.105656,0.105656,0.076399,0.094709,0.617581
0.472906,0.026575,0.444254,0.030708,0.025557
0.001421,0.041520,0.020474,0.629495,0.307091
0.997739,0.000377,0.000675,0.000768,0.000441
0.149548,0.150721,0.125441,0.408106,0.166183
0.001368,0.155409,0.495337,0.346985,0.000901
0.136742,0.333193,0.127458,0.275150,0.127458
0.059881,0.299969,0.451187,0.025554,0.163409
0.136387,0.152448,0.127624,0.542590,0.040951
0.009041,0.000196,0.006386,0.979286,0.005091
0.195528,0.570215,0.018985,0.207327,0.007945
0.067044,0.582578,0.014613,0.326797,0.008968
0.066849,0.004030,0.004126,0.921026,0.003968
0.025801,0.356617,0.609139,0.005537,0.002906
0.545405,0.125928,0.002220,0.004565,0.321882
0.084356,0.076358,0.791411,0.037469,0.010405
0.154629,0.433667,0.143008,0.135397,0.133298
0.001758,0.204393,0.299138,0.481771,0.012939
0.174258,0.096611,0.062134,0.647446,0.019551
0.154193,0.005967,0.712982,0.104945,0.021912
0.001148,0.001650,0.009915,0.985022,0.002265
0.038839,0.095007,0.066326,0.034815,0.765013
0.013261,0.643977,0.320040,0.017364,0.005358
0.002610,0.009180,0.955745,0.025644,0.006822
0.078704,0.794886,0.056248,0.020134,0.050028
0.697739,0.079362,0.006794,0.007881,0.208224
0.003174,0.019368,0.005193,0.291930,0.680335
0.082929,0.447433,0.112908,0.284962,0.071769
0.003958,0.002477,0.982764,0.002291,0.008511
0.032691,0.249221,0.314430,0.200646,0.203011
0.976719,0.002474,0.002416,0.002324,0.016067
0.124069,0.307073,0.320555,0.192162,0.056141
0.012509,0.004141,0.005573,0.972623,0.005154
0.222065,0.370440,0.178435,0.158084,0.070976
0.002502,0.002369,0.002562,0.989924,0.002643
0.000424,0.001430,0.000283,0.774837,0.223027
0.008409,0.002646,0.003835,0.982433,0.002677
0.274298,0.000422,0.328613,0.342204,0.054463
0.134595,0.011399,0.256666,0.083899,0.513441
0.002899,0.002470,0.971515,0.001014,0.022102
0.064433,0.045690,0.208806,0.590205,0.090865
0.002731,0.000181,0.995404,0.000486,0.001198
0.209156,0.061947,0.168719,0.079542,0.480636
0.008461,0.931256,0.000299,0.000676,0.059308
0.264895,0.069237,0.043838,0.613498,0.008532
0.025978,0.583798,0.005319,0.144611,0.240293
0.368012,0.014751,0.084226,0.466121,0.066889
0.107875,0.004207,0.382450,0.499784,0.005684
0.003735,0.876700,0.098893,0.007738,0.012934
0.006719,0.305010,0.022641,0.003965,0.661665
0.026573,0.797331,0.006589,0.155934,0.013572
0.892590,0.100685,0.001191,0.004636,0.000899
0.094013,0.040752,0.192150,0.106115,0.566970
0.127902,0.154077,0.320919,0.012072,0.385029
0.223301,0.539872,0.034513,0.051810,0.150504
0.047333,0.000198,0.461077,0.163961,0.327432
0.433744,0.042116,0.125244,0.303987,0.094909
0.000635,0.001042,0.004616,0.988477,0.005230
0.877253,0.094747,0.016465,0.009164,0.002372
0.000154,0.000133,0.000116,0.999491,0.000106
0.255290,0.241468,0.000213,0.218788,0.284241
0.005459,0.973492,0.014667,0.003594,0.002788
0.039862,0.654745,0.277237,0.020519,0.007638
0.130483,0.054500,0.704009,0.068894,0.042114
0.013813,0.010265,0.002616,0.971205,0.002102
0.069882,0.029822,0.425581,0.449503,0.025211
0.483683,0.000064,0.000077,0.515884,0.000292
0.113304,0.044894,0.404849,0.314681,0.122272
0.977219,0.004780,0.004352,0.007973,0.005676
0.027611,0.018537,0.009213,0.067017,0.877621
0.143693,0.207445,0.168652,0.279148,0.201063
0.033456,0.274706,0.020531,0.254062,0.417244
0.164311,0.017660,0.008573,0.705420,0.104035
0.996591,0.000362,0.001460,0.001183,0.000404
0.836896,0.106399,0.009705,0.039759,0.007241
0.189905,0.141678,0.022329,0.020976,0.625112
0.094275,0.534106,0.022745,0.306711,0.042163
0.001092,0.064609,0.924712,0.001195,0.008392
0.003279,0.103819,0.891188,0.000973,0.000740
0.005206,0.025030,0.959630,0.004350,0.005785
0.048632,0.056249,0.099884,0.791035,0.004200
0.667892,0.084088,0.125310,0.111507,0.011204
0.093668,0.101676,0.493669,0.173633,0.137355
0.132977,0.004031,0.092833,0.336268,0.433891
0.474925,0.033085,0.099550,0.279194,0.113246
0.001835,0.996918,0.000867,0.000147,0.000234
0.005504,0.173577,0.588495,0.065497,0.166927
0.181532,0.014444,0.588645,0.035611,0.179768
0.264324,0.194141,0.180959,0.183809,0.176767
0.092821,0.735823,0.056963,0.045415,0.068979
0.450902,0.053853,0.007403,0.468864,0.018978
0.280098,0.225065,0.366747,0.051813,0.076276
0.003698,0.965231,0.003066,0.024689,0.003315
0.024008,0.084785,0.001986,0.887806,0.001414
0.000842,0.006569,0.120366,0.868895,0.003329
0.123667,0.097828,0.011548,0.729241,0.037716
0.120816,0.303731,0.493004,0.031888,0.050561
0.008570,0.013430,0.968588,0.001965,0.007446
0.117223,0.225734,0.139547,0.269213,0.248283
0.012409,0.814840,0.017914,0.108461,0.046376
0.871908,0.022976,0.026035,0.077727,0.001353
0.876687,0.005208,0.003496,0.000952,0.113657
0.236762,0.305795,0.002986,0.444929,0.009527
0.266430,0.001208,0.243775,0.326119,0.162468
0.630702,0.007673,0.310093,0.007293,0.044239
0.002051,0.002166,0.002035,0.985380,0.008368
0.034665,0.348058,0.467449,0.119117,0.030711
0.139388,0.166191,0.302701,0.248995,0.142724
0.000129,0.021802,0.007092,0.058289,0.912687
0.001802,0.720574,0.002251,0.002673,0.272699
0.031485,0.105683,0.004680,0.852638,0.005514
0.384859,0.454361,0.085205,0.026550,0.049025
0.164992,0.070410,0.140575,0.099682,0.524342
0.024982,0.037066,0.115970,0.138797,0.683185
0.017477,0.006207,0.961706,0.009174,0.005435
0.224498,0.035799,0.058108,0.312904,0.368691
0.069164,0.025643,0.004725,0.120441,0.780026
0.972560,0.002737,0.021154,0.000769,0.002780
0.072594,0.148373,0.125922,0.055878,0.597233
0.125219,0.115358,0.530292,0.119485,0.109646
0.025830,0.662924,0.067524,0.011240,0.232481
0.017782,0.137157,0.784675,0.013902,0.046484
0.006039,0.001213,0.003823,0.983340,0.005585
0.009136,0.990053,0.000124,0.000090,0.000597
0.656591,0.204199,0.036326,0.094222,0.008662
0.500656,0.294608,0.019622,0.019854,0.165260
0.520269,0.024572,0.144192,0.202550,0.108417
0.052477,0.033356,0.688555,0.147752,0.077860
0.004585,0.017575,0.072422,0.122235,0.783183
0.000546,0.000066,0.405287,0.000947,0.593155
0.010019,0.001129,0.974468,0.012940,0.001443
0.367835,0.054674,0.292120,0.264941,0.020430
0.213694,0.227032,0.093996,0.274657,0.190621
0.000271,0.000261,0.998208,0.000312,0.000947
0.052169,0.107044,0.009317,0.002557,0.828913
0.140988,0.332970,0.038846,0.455116,0.032079
0.001243,0.514766,0.047184,0.433053,0.003754
0.163889,0.033231,0.111544,0.372954,0.318382
0.024535,0.655410,0.075279,0.153260,0.091516
0.087192,0.338181,0.128861,0.415158,0.030607
0.976879,0.000943,0.000529,0.020918,0.000731
0.022090,0.041270,0.131093,0.789820,0.015726
0.353635,0.001665,0.000657,0.000558,0.643485
0.153824,0.054315,0.066288,0.667529,0.058044
0.290377,0.293227,0.171372,0.234238,0.010786
0.060989,0.180840,0.747369,0.010333,0.000468
0.427496,0.187490,0.044014,0.044882,0.296118
0.009260,0.010051,0.252236,0.710181,0.018272
0.887795,0.006112,0.005924,0.022444,0.077726
0.364457,0.014523,0.298626,0.041861,0.280533
0.004164,0.983615,0.003762,0.004296,0.004164
0.004788,0.325316,0.406447,0.005096,0.258353
0.016818,0.011879,0.071920,0.390316,0.509068
0.745396,0.157469,0.039351,0.018588,0.039197
0.506886,0.379084,0.113489,0.000287,0.000254
0.001434,0.083167,0.911318,0.001937,0.002144
0.788214,0.012865,0.173148,0.002927,0.022846
0.974513,0.008419,0.003271,0.012989,0.000808
0.040921,0.464675,0.034191,0.410074,0.050138
0.352863,0.629046,0.004214,0.010187,0.003690
0.007804,0.036799,0.349819,0.568923,0.036655
0.001261,0.002509,0.876714,0.118824,0.000691
0.053731,0.173445,0.159162,0.302037,0.311625
0.042418,0.731604,0.075031,0.050768,0.100179
0.009379,0.045360,0.025395,0.183476,0.736391
0.000198,0.000074,0.999383,0.000251,0.000094
0.060648,0.333023,0.157616,0.134029,0.314684
0.019884,0.664408,0.148802,0.045338,0.121568
0.093372,0.046403,0.608863,0.208780,0.042582
0.000352,0.998402,0.000937,0.000116,0.000193
0.001566,0.979714,0.014574,0.002370,0.001775
0.994021,0.001515,0.002517,0.001148,0.000798
0.013381,0.044740,0.065096,0.818204,0.058580
0.036082,0.065081,0.271340,0.399451,0.228045
0.607211,0.073951,0.145356,0.052031,0.121450
0.137923,0.466587,0.132380,0.261221,0.001888
0.095916,0.070862,0.005411,0.001650,0.826161
0.103963,0.033752,0.028201,0.644356,0.189729
0.005501,0.002933,0.762513,0.076838,0.152215
0.222626,0.154661,0.125248,0.246425,0.251040
0.380102,0.617720,0.000582,0.000948,0.000649
0.000130,0.000106,0.999404,0.000100,0.000261
0.273179,0.207824,0.145652,0.153839,0.219506
0.206889,0.071499,0.657493,0.038121,0.025997
0.100866,0.190664,0.197486,0.423007,0.087977
0.009973,0.346116,0.351567,0.281390,0.010953
0.002844,0.028607,0.000282,0.000808,0.967460
0.489977,0.201873,0.083173,0.194140,0.030838
0.085515,0.002342,0.454236,0.440260,0.017647
0.145193,0.030080,0.809824,0.006712,0.008191
0.941292,0.011586,0.009795,0.007510,0.029818
0.072994,0.579778,0.052782,0.271206,0.023239
0.773162,0.015553,0.105457,0.009809,0.096019
0.545764,0.043548,0.080254,0.330055,0.000379
0.343298,0.164074,0.221650,0.057821,0.213158
0.000222,0.295304,0.002122,0.698523,0.003828
0.663356,0.064916,0.104141,0.116633,0.050953
0.024090,0.321062,0.149308,0.050998,0.454542
0.001285,0.887907,0.083327,0.001260,0.026220
0.017300,0.002512,0.038682,0.821423,0.120083
0.164663,0.784030,0.011315,0.038130,0.001862
0.901398,0.019003,0.019003,0.035225,0.025372
0.026756,0.954771,0.004454,0.001864,0.012155
0.095673,0.013676,0.148762,0.723701,0.018188
0.075950,0.004105,0.738224,0.002000,0.179721
0.012964,0.786557,0.054157,0.099999,0.046323
0.009622,0.089524,0.013622,0.879768,0.007464
0.134174,0.184832,0.195222,0.031869,0.453904
0.025717,0.506547,0.044262,0.379386,0.044089
0.021683,0.913045,0.048864,0.005419,0.010989
0.013417,0.012803,0.390582,0.561673,0.021525
0.227686,0.016655,0.074063,0.119165,0.562430
0.058802,0.849030,0.007505,0.067417,0.017247
0.033934,0.227413,0.097809,0.157525,0.483318
0.276429,0.285204,0.091513,0.137378,0.209476
0.606466,0.070754,0.161958,0.134793,0.026029
0.001327,0.961774,0.003121,0.002375,0.031403
0.599401,0.317098,0.043847,0.035927,0.003728
0.994096,0.001196,0.002749,0.001466,0.000493
0.019909,0.734617,0.197189,0.047204,0.001080
0.335812,0.045270,0.443145,0.025001,0.150772
0.152158,0.085687,0.258829,0.182465,0.320862
0.159609,0.116317,0.142514,0.157749,0.423811
0.006024,0.003792,0.604647,0.000355,0.385182
0.001161,0.916629,0.013708,0.063259,0.005244
0.414735,0.092179,0.046897,0.333249,0.112940
0.205996,0.012287,0.041974,0.007280,0.732464
0.318537,0.213856,0.181497,0.146408,0.139703
0.121307,0.107892,0.141269,0.520793,0.108739
0.997197,0.001798,0.000495,0.000158,0.000351
0.000247,0.000255,0.000257,0.983887,0.015353
0.004347,0.005431,0.008544,0.977903,0.003776
0.002873,0.352779,0.002731,0.002817,0.638800
0.254226,0.017267,0.046389,0.285277,0.396842
0.110971,0.004726,0.012306,0.167894,0.704104
0.041518,0.003621,0.342988,0.093836,0.518038
0.017361,0.792000,0.135495,0.047101,0.008042
0.150921,0.518600,0.179224,0.053813,0.097442
0.000068,0.470276,0.000063,0.000073,0.529520
0.009724,0.829594,0.058190,0.044529,0.057963
0.012723,0.012235,0.019174,0.943916,0.011952
0.016609,0.841158,0.101349,0.011217,0.029668
0.066535,0.306005,0.423396,0.005624,0.198442
0.712964,0.000245,0.002119,0.160292,0.124379
0.006804,0.000855,0.981580,0.009899,0.000862
0.012517,0.033761,0.065842,0.853855,0.034025
0.995161,0.000860,0.000715,0.000276,0.002989
0.591750,0.005090,0.400789,0.001450,0.000921
0.011011,0.020411,0.816908,0.119307,0.032363
0.088002,0.086976,0.008782,0.005410,0.810830
0.114680,0.637449,0.247082,0.000445,0.000344
0.009451,0.013381,0.043025,0.881222,0.052921
0.445980,0.000056,0.000275,0.553408,0.000281
0.007595,0.013592,0.085572,0.840932,0.052309
0.989350,0.000116,0.000228,0.010120,0.000185
0.289080,0.163431,0.127778,0.208216,0.211495
0.109686,0.204122,0.406738,0.148177,0.131277
0.103082,0.866471,0.008730,0.012603,0.009113
0.000978,0.989669,0.001991,0.003295,0.004068
0.117731,0.139265,0.166028,0.271604,0.305372
0.170944,0.786586,0.022140,0.001244,0.019086
0.055195,0.055846,0.553111,0.112371,0.223477
0.001701,0.006544,0.015276,0.965605,0.010875
0.086769,0.000078,0.000069,0.768093,0.144991
0.008898,0.924132,0.001947,0.056125,0.008898
0.403048,0.153879,0.020989,0.403048,0.019036
0.000274,0.002482,0.023182,0.281035,0.693027
0.115502,0.353001,0.002977,0.502697,0.025822
0.147183,0.073432,0.548991,0.039924,0.190469
0.421065,0.223626,0.030621,0.284907,0.039782
0.023645,0.040696,0.021031,0.077834,0.836793
0.046244,0.001804,0.000240,0.050789,0.900922
0.022377,0.000491,0.011385,0.308908,0.656839
0.065018,0.019752,0.022208,0.712798,0.180224
0.000097,0.996107,0.000139,0.000099,0.003558
0.016713,0.896582,0.055445,0.014351,0.016910
0.554739,0.008301,0.077082,0.300431,0.059448
0.037409,0.175704,0.013081,0.062405,0.711401
0.034281,0.020192,0.411148,0.288151,0.246228
0.123033,0.256925,0.091968,0.056439,0.471635
0.160015,0.100920,0.470311,0.101712,0.167041
0.217614,0.033242,0.029682,0.683519,0.035943
0.014083,0.001520,0.057132,0.595913,0.331352
0.202715,0.141518,0.162886,0.172716,0.320164
0.237516,0.399516,0.021215,0.134083,0.207671
0.008099,0.972975,0.008588,0.007461,0.002877
0.132066,0.000769,0.816542,0.013153,0.037470
0.049099,0.845166,0.103334,0.001457,0.000944
0.005558,0.781000,0.002817,0.208975,0.001649
0.086522,0.586667,0.045239,0.031214,0.250359
0.088031,0.214501,0.155711,0.209532,0.332225
0.145040,0.146177,0.147324,0.416420,0.145040
0.010358,0.018108,0.008554,0.114002,0.848977
0.031267,0.038912,0.107021,0.394536,0.428265
0.000242,0.009325,0.984022,0.002980,0.003431
0.006277,0.004794,0.006204,0.931586,0.051139
0.998687,0.000328,0.000684,0.000152,0.000150
0.171006,0.303515,0.517811,0.000357,0.007311
0.385744,0.116275,0.155855,0.048093,0.294033
0.192007,0.017825,0.052697,0.721802,0.015669
0.023913,0.105097,0.279064,0.417292,0.174634
0.196661,0.730684,0.039335,0.020248,0.013073
0.834357,0.059853,0.033183,0.055789,0.016817
0.361833,0.001095,0.039347,0.000180,0.597545
0.400371,0.004862,0.396584,0.055535,0.142647
0.361391,0.123680,0.035713,0.181364,0.297853
0.209303,0.031910,0.674321,0.022716,0.061749
0.202133,0.011112,0.008098,0.775991,0.002665
0.056197,0.885094,0.001638,0.028368,0.028702
0.167511,0.196031,0.196415,0.182365,0.257678
0.013203,0.000293,0.952324,0.033323,0.000857
0.000527,0.021981,0.069992,0.085088,0.822412
0.057172,0.054129,0.390699,0.050061,0.447939
0.244125,0.518835,0.044285,0.160101,0.032654
0.678756,0.255279,0.001170,0.001562,0.063234
0.991308,0.001101,0.001006,0.001080,0.005505
0.010467,0.390867,0.449007,0.142030,0.007628
0.031001,0.335902,0.526387,0.076428,0.030282
0.098873,0.023669,0.176950,0.045622,0.654886
0.003780,0.400550,0.000395,0.509753,0.085522
0.014533,0.120262,0.481250,0.003255,0.380700
0.787067,0.110222,0.002200,0.073711,0.026801
0.016479,0.062925,0.150360,0.671241,0.098995
0.771725,0.012621,0.081022,0.049722,0.084910
0.000548,0.850754,0.140108,0.002676,0.005914
0.034570,0.012041,0.386470,0.547144,0.019775
0.038988,0.024590,0.002633,0.052465,0.881325
0.351906,0.189099,0.149590,0.240918,0.068487
0.026806,0.808268,0.051671,0.067655,0.045599
0.125731,0.393377,0.037311,0.085407,0.358174
0.000850,0.065448,0.005126,0.008065,0.920511
0.065529,0.222116,0.032822,0.200273,0.479260
0.007779,0.039349,0.284569,0.582190,0.086113
0.135555,0.102322,0.233304,0.128843,0.399976
0.041873,0.015785,0.712384,0.198902,0.031056
0.499742,0.010806,0.043582,0.007427,0.438444
0.041401,0.244853,0.006424,0.636343,0.070979
0.261988,0.235763,0.109640,0.161406,0.231203
0.034232,0.112022,0.034232,0.169815,0.649699
0.000920,0.996865,0.000913,0.000592,0.000711
0.000771,0.000101,0.998935,0.000095,0.000099
0.194756,0.554807,0.054799,0.158955,0.036683
0.309750,0.025625,0.342862,0.196122,0.125640
0.000335,0.014456,0.431231,0.006181,0.547796
0.027307,0.104270,0.733742,0.029182,0.105499
0.008640,0.836041,0.107334,0.038271,0.009714
0.126588,0.260551,0.148068,0.394611,0.070182
0.890462,0.006300,0.095892,0.005285,0.002061
0.000051,0.000068,0.000157,0.965310,0.034414
0.000678,0.623252,0.000250,0.035472,0.340349
0.073029,0.010562,0.012941,0.010317,0.893152
0.059563,0.003734,0.013135,0.000901,0.922667
0.090056,0.339869,0.050124,0.419682,0.100269
0.000635,0.003772,0.839253,0.155170,0.001169
0.009846,0.208887,0.010730,0.276730,0.493807
0.000940,0.988545,0.003180,0.003761,0.003575
0.003875,0.078222,0.014093,0.891708,0.012102
0.000437,0.000329,0.998626,0.000417,0.000190
0.006303,0.022874,0.054022,0.119852,0.796949
0.000447,0.000556,0.908894,0.080354,0.009748
0.001319,0.011133,0.001438,0.012914,0.973196
0.000852,0.990268,0.004163,0.001682,0.003034
0.158628,0.413060,0.156780,0.130995,0.140537
0.096457,0.682747,0.045385,0.105937,0.069475
0.201115,0.097253,0.332880,0.102319,0.266434
0.010730,0.006663,0.951876,0.020126,0.010605
0.462262,0.377287,0.054141,0.062805,0.043504
0.119705,0.306874,0.117849,0.160453,0.295118
0.094197,0.479775,0.232912,0.189171,0.003945
0.207382,0.108432,0.159628,0.030945,0.493612
0.213195,0.112233,0.094121,0.413561,0.166890
0.007051,0.012135,0.006495,0.736232,0.238088
0.099858,0.396490,0.042448,0.066260,0.394944
0.664768,0.150372,0.014487,0.097087,0.073285
0.669683,0.006376,0.199510,0.110828,0.013603
0.018834,0.045093,0.004353,0.176441,0.755279
0.112001,0.785838,0.052802,0.029160,0.020199
0.022613,0.026749,0.086348,0.806544,0.057745
0.001227,0.761430,0.122175,0.100009,0.015158
0.038065,0.638806,0.015440,0.032942,0.274747
0.366875,0.165849,0.190518,0.256872,0.019885
0.224442,0.497947,0.069529,0.121551,0.086530
0.036186,0.020141,0.073384,0.033729,0.836560
0.000126,0.000149,0.000200,0.000126,0.999398
0.058727,0.062760,0.721057,0.117250,0.040205
0.083930,0.006691,0.062861,0.691845,0.154673
0.093671,0.005804,0.018373,0.746922,0.135230
0.003271,0.345970,0.144504,0.064186,0.442070
0.070351,0.035099,0.711906,0.114191,0.068453
0.957359,0.001265,0.040054,0.000371,0.000951
0.946907,0.027769,0.003773,0.000835,0.020717
0.119468,0.599639,0.090179,0.116245,0.074469
0.015063,0.010807,0.481107,0.002187,0.490836
0.018952,0.155009,0.024526,0.681263,0.120250
0.118328,0.654844,0.138881,0.036656,0.051291
0.434608,0.000834,0.013560,0.003208,0.547789
0.773650,0.002438,0.002177,0.088340,0.133394
0.974728,0.017135,0.007922,0.000129,0.000086
0.416444,0.166949,0.192157,0.121192,0.103257
0.243726,0.359500,0.031970,0.326690,0.038114
0.012994,0.912703,0.037160,0.011201,0.025942
0.718862,0.275661,0.000538,0.000774,0.004165
0.220726,0.126753,0.173250,0.333948,0.145322
0.427711,0.541734,0.005249,0.010813,0.014493
0.007857,0.022559,0.962983,0.003583,0.003017
0.953340,0.001859,0.043238,0.000404,0.001159
0.290686,0.093801,0.258415,0.303745,0.053353
0.000691,0.002105,0.694672,0.002734,0.299798
0.935852,0.002815,0.037585,0.001782,0.021966
0.012956,0.011843,0.056499,0.024491,0.894212
0.002940,0.458204,0.004114,0.003217,0.531525
0.014172,0.323820,0.283546,0.368372,0.010089
0.049126,0.006356,0.883629,0.009505,0.051383
0.846984,0.074735,0.032522,0.025328,0.020431
0.102430,0.100842,0.181889,0.146724,0.468114
0.177865,0.115739,0.085008,0.512662,0.108727
0.000267,0.955385,0.001944,0.001479,0.040924
0.132481,0.121572,0.220138,0.211705,0.314104
0.002098,0.005013,0.001238,0.185202,0.806448
0.043119,0.832897,0.041956,0.027731,0.054296
0.196418,0.149719,0.046472,0.442635,0.164756
0.054458,0.886666,0.038541,0.000688,0.019646
0.000252,0.000373,0.000408,0.998754,0.000214
0.000091,0.005384,0.508439,0.004234,0.481851
0.000055,0.349936,0.565650,0.084282,0.000077
0.055372,0.064736,0.084762,0.709704,0.085427
0.457071,0.408119,0.032533,0.006282,0.095995
0.004669,0.002072,0.001475,0.001418,0.990366
0.046041,0.000585,0.151998,0.701888,0.099488
0.141015,0.013506,0.320900,0.096540,0.428039
0.500864,0.147190,0.052894,0.147190,0.151862
0.235778,0.071908,0.503057,0.148124,0.041132
0.006075,0.021203,0.014572,0.075759,0.882392
0.049227,0.000346,0.001375,0.000274,0.948778
0.307734,0.142552,0.128785,0.131839,0.289090
0.458802,0.519891,0.009393,0.006926,0.004988
0.001871,0.454225,0.015065,0.523832,0.005007
0.028821,0.001073,0.015427,0.353610,0.601070
0.517316,0.091669,0.102264,0.082172,0.206579
0.491727,0.270631,0.115266,0.119507,0.002869
0.078516,0.409793,0.232583,0.145547,0.133561
0.221362,0.056740,0.222663,0.002333,0.496902
0.002801,0.227955,0.030173,0.000163,0.738908
0.016891,0.049645,0.036893,0.011429,0.885143
0.865701,0.038605,0.010678,0.044002,0.041014
0.006653,0.163736,0.257594,0.013759,0.558258
0.321389,0.001706,0.672444,0.002512,0.001949
0.003118,0.461458,0.528548,0.003217,0.003659
0.359352,0.192347,0.093560,0.315891,0.038849
0.000816,0.721474,0.083354,0.146863,0.047494
0.001548,0.986099,0.004842,0.002234,0.005277
0.016913,0.540721,0.257422,0.011444,0.173501
0.224023,0.105821,0.033955,0.332381,0.303820
0.002467,0.045198,0.941956,0.002752,0.007628
0.000060,0.426406,0.563243,0.000302,0.009989
0.000664,0.661544,0.000471,0.337183,0.000138
0.006288,0.021355,0.658527,0.043307,0.270523
0.037120,0.151473,0.652848,0.149708,0.008851
0.036795,0.254786,0.051890,0.646069,0.010460
0.297344,0.460535,0.069530,0.010294,0.162296
0.162537,0.192264,0.044959,0.053599,0.546642
0.063435,0.009041,0.284089,0.630433,0.013001
0.869263,0.009337,0.000503,0.092474,0.028424
0.000386,0.000157,0.037620,0.000095,0.961742
0.843192,0.092774,0.020142,0.024970,0.018922
0.013922,0.020736,0.899127,0.049939,0.016276
0.000275,0.999303,0.000237,0.000110,0.000076
0.143673,0.311368,0.109728,0.317509,0.117721
0.026046,0.041621,0.052614,0.849149,0.030570
0.282348,0.076889,0.517292,0.052639,0.070833
0.212260,0.206737,0.000169,0.580649,0.000185
0.003685,0.785384,0.210046,0.000356,0.000529
0.714750,0.019234,0.064060,0.195784,0.006172
0.257775,0.214539,0.118480,0.221349,0.187857
0.225702,0.268027,0.049969,0.342812,0.113490
0.055124,0.012991,0.008453,0.697613,0.225819
0.046054,0.569892,0.033694,0.030679,0.319681
0.935004,0.002818,0.056592,0.002657,0.002930
0.016882,0.632256,0.031417,0.299240,0.020205
0.673002,0.004958,0.031461,0.088408,0.202170
0.742345,0.060255,0.098282,0.080687,0.018431
0.066443,0.108693,0.273255,0.524659,0.026950
0.102314,0.106806,0.072552,0.195681,0.522647
0.010773,0.499690,0.430760,0.057787,0.000990
0.004393,0.004604,0.928526,0.005057,0.057420
0.021549,0.948153,0.001943,0.025791,0.002564
0.001372,0.000940,0.995749,0.000977,0.000962
0.472896,0.032307,0.129283,0.007856,0.357659
0.102619,0.007205,0.855872,0.025544,0.008759
0.653101,0.004967,0.006684,0.048812,0.286436
0.669107,0.164613,0.070523,0.050401,0.045356
0.269802,0.001190,0.434100,0.224111,0.070796
0.012795,0.006822,0.649904,0.239554,0.090924
0.000094,0.296463,0.023364,0.157575,0.522504
0.000279,0.829835,0.007920,0.161816,0.000151
0.161434,0.067559,0.184364,0.519084,0.067559
0.000248,0.038548,0.000459,0.000692,0.960053
0.105752,0.338054,0.112792,0.246602,0.196800
0.153297,0.009135,0.009498,0.005806,0.822264
0.873438,0.000110,0.000552,0.125769,0.000131
0.200211,0.088497,0.340570,0.217964,0.152759
0.897717,0.065797,0.026793,0.003354,0.006339
0.205507,0.207930,0.197634,0.178548,0.210381
0.835727,0.002921,0.002734,0.148381,0.010236
0.000336,0.000632,0.476793,0.515284,0.006956
0.419932,0.215741,0.160952,0.035357,0.168019
0.014492,0.005290,0.196906,0.100547,0.682765
0.000177,0.000151,0.999350,0.000167,0.000155
0.992316,0.000163,0.006573,0.000198,0.000749
0.118381,0.109485,0.697392,0.067716,0.007027
0.928403,0.000573,0.000526,0.046324,0.024174
0.063464,0.783026,0.021258,0.003298,0.128954
0.401256,0.113622,0.064236,0.005273,0.415613
0.013722,0.299180,0.006981,0.475295,0.204822
0.209499,0.150308,0.233713,0.194513,0.211968
0.256337,0.079701,0.248450,0.269954,0.145558
0.343119,0.188749,0.146425,0.083105,0.238602
0.004121,0.002348,0.943373,0.036802,0.013355
0.814083,0.045127,0.039207,0.042726,0.058857
0.036528,0.020016,0.861127,0.059291,0.023038
0.003108,0.005266,0.023237,0.003232,0.965157
0.747859,0.035235,0.028367,0.000647,0.187892
0.038678,0.003314,0.001774,0.002653,0.953581
0.043049,0.027686,0.080425,0.841330,0.007510
0.072959,0.014255,0.021992,0.020862,0.869932
0.304509,0.091252,0.105030,0.022016,0.477193
0.011732,0.640566,0.109161,0.126135,0.112406
0.270515,0.213577,0.219070,0.065905,0.230932
0.003062,0.002588,0.002163,0.192395,0.799793
0.051348,0.110416,0.196070,0.483385,0.158782
0.175941,0.268671,0.259010,0.039759,0.256618
0.159447,0.415193,0.088746,0.110878,0.225736
0.098272,0.450870,0.292243,0.015071,0.143545
0.594781,0.269138,0.049980,0.053831,0.032270
0.003265,0.007893,0.008840,0.031340,0.948662
0.753157,0.176547,0.007848,0.020759,0.041689
0.009350,0.085062,0.480263,0.131746,0.293579
0.150933,0.119631,0.691799,0.014627,0.023011
0.044012,0.036630,0.183138,0.036917,0.699303
0.000112,0.999474,0.000105,0.000088,0.000221
0.049201,0.041594,0.244075,0.370719,0.294411
0.005703,0.597887,0.170630,0.005400,0.220380
0.016330,0.015401,0.002210,0.935310,0.030748
0.065664,0.022341,0.661893,0.234626,0.015475
0.385771,0.002186,0.018158,0.043985,0.549900
0.075387,0.365317,0.090580,0.170553,0.298163
0.007804,0.376036,0.463436,0.136457,0.016266
