0.036466,0.149095,0.234789,0.538489,0.041160
0.173629,0.164068,0.248712,0.364712,0.048879
0.158729,0.004475,0.032716,0.009129,0.794951
0.567131,0.250927,0.081146,0.080988,0.019808
0.072313,0.320016,0.472231,0.034058,0.101382
0.047605,0.356597,0.302640,0.186087,0.107070
0.049066,0.065002,0.026418,0.140598,0.718915
0.113759,0.025657,0.004520,0.086967,0.769097
0.009070,0.766227,0.001631,0.019248,0.203825
0.473758,0.012006,0.039443,0.465958,0.008835
0.069434,0.623963,0.266429,0.026149,0.014024
0.153093,0.283790,0.415744,0.101585,0.045788
0.053792,0.226527,0.354159,0.043012,0.322510
0.148233,0.125497,0.145721,0.177758,0.402792
0.089748,0.064517,0.172488,0.634797,0.038450
0.224459,0.330113,0.119647,0.146455,0.179326
0.142838,0.059254,0.248616,0.064697,0.484595
0.004253,0.019781,0.061379,0.895376,0.019210
0.041619,0.045889,0.445487,0.365197,0.101808
0.555488,0.171077,0.078939,0.104169,0.090327
0.016173,0.176139,0.025468,0.005251,0.776970
0.008625,0.487755,0.308224,0.052757,0.142639
0.250958,0.252803,0.234147,0.025762,0.236330
0.010523,0.297126,0.614895,0.010360,0.067096
0.045861,0.709033,0.038619,0.098810,0.107677
0.001442,0.004899,0.004199,0.001468,0.987992
0.239263,0.154273,0.113976,0.304941,0.187548
0.121074,0.087890,0.139628,0.142660,0.508747
0.008492,0.180761,0.163863,0.500928,0.145956
0.009735,0.878067,0.012623,0.084348,0.015226
0.374015,0.155305,0.103658,0.254062,0.112960
0.150111,0.065451,0.129088,0.587358,0.067992
0.206955,0.079013,0.560917,0.079322,0.073792
0.348819,0.141246,0.116469,0.372405,0.021061
0.011431,0.317840,0.493724,0.152650,0.024354
0.621614,0.037495,0.319355,0.002947,0.018589
0.929709,0.005009,0.028573,0.011222,0.025488
0.291813,0.041146,0.140561,0.346875,0.179605
0.073159,0.085720,0.556379,0.195498,0.089244
0.056488,0.153326,0.056682,0.014772,0.718732
0.832306,0.058895,0.019727,0.076964,0.012106
0.209613,0.292158,0.162452,0.124313,0.211464
0.028996,0.817724,0.041698,0.078207,0.033375
0.135870,0.088412,0.366102,0.029672,0.379943
0.301811,0.083158,0.147091,0.409317,0.058623
0.012913,0.007971,0.115434,0.084784,0.778897
0.009881,0.435826,0.094116,0.449002,0.011175
0.286155,0.153430,0.130214,0.201778,0.228422
0.291629,0.028206,0.226457,0.351772,0.101935
0.160276,0.709591,0.040942,0.052059,0.037133
0.076826,0.058105,0.284887,0.063816,0.516367
0.322903,0.251477,0.082444,0.256437,0.086739
0.102908,0.082447,0.212655,0.181649,0.420341
0.046758,0.211198,0.076640,0.223506,0.441898
0.019536,0.071321,0.031959,0.195201,0.681983
0.258705,0.109543,0.388362,0.159851,0.083539
0.021943,0.250510,0.140592,0.011745,0.575210
0.291410,0.081676,0.024279,0.027606,0.575028
0.015424,0.012712,0.094393,0.032037,0.845433
0.324175,0.139443,0.178329,0.346603,0.011450
0.076032,0.065576,0.622772,0.040007,0.195613
0.817858,0.063872,0.016727,0.039756,0.061786
0.078839,0.369566,0.102826,0.088468,0.360301
0.128652,0.203787,0.093392,0.316558,0.257611
0.100595,0.420224,0.160123,0.248004,0.071054
0.095682,0.144303,0.002751,0.750943,0.006322
0.214286,0.039177,0.525208,0.048472,0.172857
0.050365,0.757978,0.119113,0.001938,0.070606
0.102665,0.162147,0.107802,0.131825,0.495561
0.569922,0.043224,0.296539,0.030770,0.059544
0.034905,0.259428,0.459779,0.210502,0.035385
0.688344,0.006253,0.019037,0.120613,0.165752
0.039528,0.074210,0.626534,0.252094,0.007633
0.070370,0.528735,0.090976,0.291034,0.018884
0.080187,0.306640,0.032909,0.463705,0.116558
0.852478,0.009498,0.035255,0.036161,0.066608
0.558995,0.199705,0.086566,0.042271,0.112463
0.057124,0.070215,0.800410,0.065244,0.007007
0.328080,0.261313,0.218122,0.141381,0.051105
0.155868,0.126967,0.442295,0.148150,0.126720
0.011905,0.017287,0.261718,0.008525,0.700565
0.103604,0.024728,0.193746,0.372818,0.305104
0.175189,0.113553,0.075717,0.412127,0.223414
0.038047,0.066840,0.083836,0.066970,0.744307
0.367177,0.008962,0.592505,0.022512,0.008844
0.301089,0.136943,0.222769,0.179876,0.159323
0.159483,0.036787,0.152329,0.619627,0.031774
0.915893,0.020463,0.002744,0.057742,0.003158
0.128765,0.017805,0.368073,0.283177,0.202180
0.044580,0.801475,0.030760,0.068243,0.054942
0.363869,0.117556,0.332766,0.124164,0.061646
0.068123,0.074891,0.707088,0.034187,0.115711
0.037360,0.450712,0.028477,0.443291,0.040160
0.319885,0.117679,0.046627,0.477865,0.037944
0.078096,0.117695,0.069460,0.558756,0.175992
0.038930,0.058784,0.044808,0.202241,0.655238
0.014638,0.022495,0.016394,0.022103,0.924371
0.093850,0.127497,0.024351,0.016477,0.737826
0.068147,0.138470,0.249515,0.237857,0.306011
0.181250,0.523184,0.037660,0.020356,0.237551
0.057550,0.064705,0.628888,0.160931,0.087925
0.390116,0.086369,0.168773,0.239874,0.114868
0.133842,0.226785,0.148150,0.307567,0.183656
0.305853,0.068445,0.070756,0.196320,0.358627
0.116883,0.017984,0.143435,0.707220,0.014479
0.096907,0.545942,0.025804,0.041965,0.289382
0.154618,0.283278,0.253186,0.276445,0.032473
0.160092,0.118738,0.115310,0.396038,0.209821
0.015264,0.004628,0.013005,0.736914,0.230188
0.324273,0.382834,0.072214,0.135839,0.084840
0.040084,0.228872,0.403649,0.175825,0.151571
0.231795,0.032397,0.582731,0.054255,0.098821
0.018875,0.239109,0.139199,0.564837,0.037981
0.005411,0.208370,0.479532,0.019505,0.287182
0.292939,0.310616,0.029476,0.098940,0.268029
0.024498,0.030133,0.926490,0.009707,0.009172
0.041307,0.677823,0.021959,0.032391,0.226520
0.345893,0.093792,0.124740,0.062784,0.372791
0.086715,0.100004,0.032785,0.237102,0.543394
0.055762,0.106857,0.049403,0.746092,0.041887
0.023618,0.271224,0.282028,0.408550,0.014579
0.007445,0.960902,0.011804,0.007160,0.012689
0.444925,0.176289,0.042949,0.089165,0.246673
0.006147,0.284849,0.219042,0.437750,0.052212
0.089792,0.121065,0.260585,0.023561,0.504996
0.000577,0.001265,0.796466,0.034418,0.167275
0.037881,0.359232,0.027073,0.534291,0.041523
0.155710,0.227889,0.239292,0.179309,0.197800
0.011590,0.016249,0.140923,0.798381,0.032857
0.138562,0.286541,0.156705,0.254606,0.163585
0.649025,0.071760,0.043207,0.056133,0.179876
0.924864,0.055515,0.007048,0.005809,0.006764
0.049419,0.122016,0.760506,0.053318,0.014741
0.031907,0.328610,0.173165,0.012752,0.453565
0.012034,0.122552,0.005808,0.470708,0.388899
0.829917,0.015591,0.009559,0.091514,0.053419
0.282225,0.042902,0.369171,0.244007,0.061695
0.088806,0.065674,0.449455,0.202190,0.193875
0.236424,0.180566,0.187759,0.162492,0.232759
0.100418,0.026882,0.171402,0.687911,0.013386
0.006629,0.603194,0.250025,0.007324,0.132828
0.484674,0.203658,0.097621,0.073115,0.140932
0.114519,0.273379,0.271252,0.274181,0.066668
0.015556,0.099600,0.745170,0.095314,0.044359
0.050443,0.544698,0.041982,0.256921,0.105956
0.061211,0.734861,0.044565,0.139295,0.020067
0.043928,0.489682,0.071932,0.318778,0.075679
0.171999,0.194520,0.135532,0.340728,0.157220
0.000994,0.167766,0.077034,0.531082,0.223124
0.005223,0.152332,0.821091,0.007540,0.013814
0.159367,0.138325,0.184328,0.118895,0.399086
0.020434,0.128641,0.097674,0.731584,0.021667
0.033543,0.351756,0.057241,0.104030,0.453431
0.384426,0.075458,0.083280,0.368617,0.088219
0.459360,0.243934,0.038601,0.097327,0.160779
0.807886,0.015705,0.002824,0.002581,0.171004
0.056694,0.196534,0.124924,0.543443,0.078405
0.227791,0.049023,0.360647,0.224259,0.138280
0.189465,0.310702,0.099330,0.153996,0.246506
0.141028,0.050977,0.351100,0.395524,0.061371
0.023771,0.028673,0.476921,0.068783,0.401853
0.206321,0.026180,0.177859,0.082069,0.507572
0.240961,0.420532,0.193996,0.097810,0.046701
0.036110,0.002622,0.003669,0.942728,0.014870
0.100782,0.683030,0.074932,0.057172,0.084084
0.004224,0.006619,0.029405,0.013189,0.946563
0.377768,0.283489,0.012158,0.014625,0.311960
0.007534,0.155830,0.002739,0.731899,0.101997
0.199406,0.336890,0.101450,0.271493,0.090761
0.004874,0.001977,0.003450,0.010563,0.979136
0.080724,0.017889,0.061652,0.028420,0.811314
0.117284,0.078434,0.001855,0.796811,0.005616
0.053518,0.349664,0.402461,0.183901,0.010456
0.008196,0.008325,0.011535,0.067162,0.904783
0.060009,0.273980,0.225811,0.078650,0.361550
0.293802,0.178897,0.167403,0.179949,0.179949
0.107164,0.535786,0.077793,0.256352,0.022906
0.393400,0.246665,0.062002,0.163035,0.134897
0.120156,0.483300,0.111480,0.232712,0.052352
0.588984,0.264699,0.075174,0.011472,0.059671
0.124893,0.028389,0.689826,0.142406,0.014486
0.071071,0.016766,0.015415,0.015567,0.881181
0.020837,0.300130,0.106402,0.566495,0.006135
0.081368,0.281792,0.565565,0.028731,0.042544
0.216006,0.165617,0.432948,0.078079,0.107349
0.266244,0.159857,0.151202,0.368202,0.054495
0.006530,0.013076,0.004325,0.971053,0.005017
0.566669,0.121835,0.243246,0.019288,0.048962
0.465188,0.102388,0.317851,0.113888,0.000685
0.218929,0.019419,0.695325,0.046448,0.019880
0.369280,0.272423,0.082801,0.236801,0.038694
0.086376,0.164554,0.030858,0.081222,0.636990
0.001242,0.045316,0.178009,0.417945,0.357487
0.047034,0.156648,0.046760,0.067111,0.682446
0.653139,0.050168,0.095575,0.101541,0.099577
0.129241,0.266223,0.177690,0.075533,0.351313
0.068007,0.065658,0.491226,0.252923,0.122186
0.114110,0.077854,0.662776,0.125325,0.019936
0.061720,0.051670,0.053518,0.588733,0.244359
0.038167,0.038372,0.010951,0.904162,0.008347
0.023823,0.032690,0.723238,0.040604,0.179645
0.109969,0.498411,0.257753,0.016234,0.117634
0.119510,0.431634,0.194553,0.212841,0.041463
0.011088,0.199928,0.369885,0.184903,0.234196
0.864407,0.007171,0.013215,0.077853,0.037354
0.004599,0.037173,0.175556,0.100850,0.681822
0.528299,0.288356,0.108278,0.032830,0.042237
0.113421,0.184821,0.461925,0.169270,0.070562
0.335385,0.023183,0.479012,0.156656,0.005765
0.010802,0.007029,0.915227,0.002965,0.063977
0.056252,0.033721,0.573956,0.307228,0.028843
0.429996,0.167201,0.350867,0.020087,0.031849
0.076370,0.087837,0.593262,0.173621,0.068910
0.033844,0.821575,0.009995,0.095897,0.038689
0.776531,0.084774,0.033886,0.010788,0.094020
0.042396,0.450487,0.171655,0.176241,0.159221
0.178424,0.218610,0.046363,0.062511,0.494091
0.017216,0.162541,0.182527,0.023393,0.614323
0.122492,0.459579,0.144331,0.269119,0.004479
0.061898,0.016337,0.843700,0.030882,0.047182
0.055382,0.050501,0.325433,0.008580,0.560105
0.006151,0.117995,0.078449,0.710909,0.086496
0.131220,0.373265,0.381930,0.028199,0.085387
0.366896,0.452724,0.142665,0.029354,0.008361
0.066984,0.248996,0.455632,0.083363,0.145026
0.092985,0.083514,0.253254,0.480122,0.090124
0.077788,0.091836,0.208578,0.514222,0.107577
0.049794,0.217991,0.208009,0.340280,0.183926
0.643034,0.220067,0.007071,0.049853,0.079976
0.867437,0.047997,0.023667,0.030568,0.030330
0.149997,0.019570,0.720503,0.039421,0.070508
0.035369,0.196287,0.042414,0.078469,0.647461
0.091643,0.129111,0.533325,0.108616,0.137304
0.586592,0.086258,0.003072,0.029697,0.294381
0.262474,0.048116,0.401662,0.273329,0.014419
0.136656,0.045998,0.346840,0.027574,0.442932
0.003487,0.008266,0.001045,0.005244,0.981958
0.064781,0.190402,0.151210,0.357110,0.236497
0.128638,0.097767,0.506357,0.128011,0.139227
0.154136,0.200542,0.614703,0.024328,0.006291
0.635931,0.145758,0.125161,0.048348,0.044802
0.072367,0.054307,0.526436,0.053884,0.293006
0.014203,0.083791,0.859167,0.027780,0.015060
0.123371,0.073095,0.525020,0.186654,0.091861
0.080991,0.039174,0.035564,0.827828,0.016442
0.022078,0.040449,0.326579,0.013004,0.597890
0.149885,0.189843,0.280296,0.101318,0.278658
0.100132,0.077225,0.364129,0.030301,0.428212
0.002289,0.005019,0.009321,0.979054,0.004318
0.669258,0.259032,0.003204,0.004074,0.064432
0.365307,0.191753,0.119879,0.138655,0.184407
0.298558,0.127908,0.145222,0.276121,0.152191
0.019484,0.049754,0.143406,0.329383,0.457974
0.155552,0.252485,0.048899,0.369703,0.173361
0.016317,0.871962,0.040782,0.041102,0.029837
0.141624,0.013550,0.071554,0.286197,0.487075
0.042925,0.611856,0.036787,0.051576,0.256856
0.251055,0.175950,0.107137,0.356821,0.109037
0.018798,0.858789,0.047350,0.024855,0.050208
0.201169,0.093006,0.458237,0.047595,0.199993
0.750370,0.014815,0.028557,0.043205,0.163053
0.064423,0.129551,0.485886,0.283000,0.037140
0.906161,0.072305,0.005462,0.004164,0.011908
0.046155,0.007804,0.010119,0.224096,0.711827
0.900309,0.010857,0.012447,0.044911,0.031476
0.381156,0.125324,0.115454,0.219951,0.158115
0.035841,0.383358,0.010390,0.075285,0.495126
0.142262,0.122638,0.013629,0.199061,0.522410
0.443459,0.285342,0.032313,0.227161,0.011726
0.153643,0.051464,0.396578,0.303474,0.094842
0.033204,0.201817,0.492479,0.046917,0.225583
0.132399,0.111057,0.149443,0.286376,0.320726
0.013453,0.439014,0.081145,0.057981,0.408407
0.107673,0.135515,0.450012,0.139135,0.167665
0.212076,0.342222,0.373480,0.027068,0.045154
0.650110,0.017892,0.106634,0.014819,0.210545
0.132291,0.266779,0.026075,0.059745,0.515110
0.147154,0.723433,0.040933,0.073185,0.015296
0.032217,0.603642,0.251186,0.036721,0.076234
0.027974,0.033123,0.787741,0.141718,0.009444
0.030352,0.096459,0.598429,0.204602,0.070158
0.149862,0.054038,0.031681,0.174013,0.590405
0.017260,0.041882,0.884400,0.017808,0.038650
0.321702,0.075742,0.043410,0.051551,0.507594
0.004136,0.872431,0.064697,0.013548,0.045188
0.030985,0.110333,0.038665,0.661508,0.158509
0.019383,0.028037,0.508784,0.147478,0.296318
0.413741,0.061527,0.132240,0.328577,0.063916
0.307010,0.073925,0.396719,0.177857,0.044489
0.055874,0.622352,0.277451,0.030736,0.013586
0.074196,0.459583,0.176429,0.162217,0.127575
0.840029,0.015311,0.011422,0.006521,0.126717
0.165898,0.180080,0.157376,0.171834,0.324812
0.001549,0.604316,0.383377,0.003429,0.007330
0.102246,0.006308,0.002832,0.002210,0.886403
0.543074,0.065383,0.132308,0.249854,0.009381
0.453888,0.138699,0.107861,0.143381,0.156172
0.030074,0.183148,0.211627,0.212870,0.362282
0.163116,0.069677,0.650513,0.079032,0.037662
0.273593,0.066981,0.228819,0.388854,0.041752
0.249141,0.095631,0.082924,0.474405,0.097899
0.225119,0.010391,0.550685,0.079839,0.133966
0.062749,0.034258,0.009131,0.010336,0.883526
0.094591,0.010822,0.059599,0.696212,0.138776
0.157192,0.126554,0.547584,0.082029,0.086640
0.012706,0.032572,0.090287,0.847470,0.016964
0.040589,0.135578,0.446283,0.338191,0.039359
0.742736,0.001409,0.014609,0.236698,0.004548
0.196089,0.133590,0.151082,0.207111,0.312127
0.056393,0.815846,0.040539,0.059738,0.027484
0.080182,0.002196,0.483562,0.000598,0.433462
0.068204,0.076984,0.579490,0.070506,0.204816
0.005576,0.968511,0.006257,0.006356,0.013299
0.565123,0.220982,0.102565,0.071340,0.039989
0.004517,0.936138,0.024038,0.021422,0.013885
0.307871,0.168370,0.174054,0.201119,0.148586
0.012355,0.199009,0.011858,0.742665,0.034113
0.502595,0.034996,0.045024,0.409706,0.007680
0.749470,0.171091,0.011582,0.027433,0.040425
0.003053,0.052303,0.508435,0.338030,0.098180
0.204898,0.110103,0.169535,0.380563,0.134901
0.168221,0.100155,0.431249,0.219187,0.081188
0.003055,0.982757,0.010453,0.001564,0.002171
0.642859,0.085111,0.155405,0.014037,0.102588
0.013750,0.199312,0.186507,0.561413,0.039018
0.640240,0.127184,0.066046,0.045349,0.121182
0.202488,0.527271,0.002743,0.095649,0.171850
0.560220,0.198682,0.097572,0.113427,0.030099
0.012046,0.007502,0.002398,0.971063,0.006992
0.046464,0.205209,0.016600,0.707904,0.023824
0.001656,0.000681,0.031268,0.003718,0.962677
0.236272,0.098878,0.130737,0.415075,0.119037
0.020954,0.042786,0.092410,0.216334,0.627514
0.085203,0.383910,0.117143,0.275039,0.138704
0.128244,0.054996,0.421317,0.025625,0.369819
0.031897,0.024721,0.025655,0.444865,0.472863
0.411883,0.125250,0.183666,0.176976,0.102226
0.014779,0.383221,0.069552,0.300353,0.232095
0.173785,0.030675,0.334490,0.286244,0.174807
0.095697,0.162785,0.646980,0.058498,0.036040
0.013768,0.335356,0.226194,0.198983,0.225698
0.408404,0.408404,0.088669,0.035686,0.058836
0.153773,0.019266,0.631793,0.104150,0.091018
0.121296,0.109421,0.008103,0.713865,0.047315
0.854168,0.071953,0.023009,0.029257,0.021615
0.075081,0.324547,0.066000,0.156787,0.377585
0.019139,0.056252,0.107375,0.804322,0.012912
0.136878,0.148290,0.191901,0.295486,0.227444
0.370204,0.180952,0.180511,0.151044,0.117289
0.263570,0.061355,0.268507,0.227879,0.178689
0.062667,0.062545,0.543480,0.129214,0.202094
0.222609,0.189480,0.163422,0.335811,0.088678
0.138073,0.131429,0.069326,0.539858,0.121315
0.271080,0.052334,0.049645,0.304337,0.322604
0.177655,0.313014,0.212210,0.130229,0.166891
0.686479,0.054191,0.010876,0.018063,0.230391
0.236591,0.425284,0.045888,0.260607,0.031631
0.133929,0.258660,0.147957,0.245853,0.213601
0.022531,0.065835,0.862560,0.027659,0.021415
0.183935,0.070637,0.277470,0.389770,0.078188
0.223174,0.013998,0.475991,0.190240,0.096597
0.045624,0.278526,0.274744,0.334983,0.066123
0.154312,0.067414,0.076540,0.068342,0.633392
0.030681,0.204562,0.744794,0.015085,0.004878
0.020287,0.021343,0.842214,0.057397,0.058759
0.159402,0.104948,0.171683,0.320433,0.243534
0.742159,0.037679,0.024512,0.010550,0.185099
0.177844,0.293789,0.043117,0.362781,0.122469
0.079102,0.240930,0.204076,0.302526,0.173366
0.074936,0.306981,0.112712,0.129984,0.375387
0.396634,0.166516,0.205019,0.048412,0.183419
0.198489,0.103783,0.056316,0.238490,0.402922
0.234170,0.292000,0.246369,0.131358,0.096103
0.157786,0.021807,0.009490,0.794680,0.016237
0.204165,0.099114,0.146196,0.493608,0.056917
0.043894,0.025108,0.017358,0.854516,0.059124
0.002869,0.024806,0.009215,0.800086,0.163024
0.063978,0.024236,0.030162,0.463822,0.417802
0.521245,0.005236,0.259425,0.052423,0.161671
0.225281,0.029768,0.395188,0.086896,0.262867
0.061479,0.118735,0.251485,0.134939,0.433362
0.047349,0.047627,0.048472,0.239519,0.617033
0.009867,0.046488,0.811885,0.029093,0.102667
0.093724,0.042652,0.419429,0.075494,0.368701
0.140729,0.552530,0.006851,0.022332,0.277559
0.402017,0.060993,0.054673,0.411149,0.071168
0.114738,0.383631,0.008651,0.244805,0.248175
0.371042,0.087487,0.243930,0.066817,0.230723
0.182815,0.090943,0.249634,0.411678,0.064930
0.049161,0.542121,0.323084,0.014938,0.070695
0.239458,0.264538,0.004970,0.028564,0.462469
0.164487,0.277556,0.024188,0.081268,0.452502
0.816152,0.082083,0.044323,0.015066,0.042376
0.067315,0.160538,0.035786,0.111419,0.624942
0.160926,0.131600,0.284649,0.005416,0.417409
0.672621,0.155927,0.114749,0.037951,0.018751
0.055286,0.006943,0.620702,0.056294,0.260776
0.529451,0.035024,0.239576,0.112178,0.083771
0.004645,0.005872,0.131014,0.846302,0.012167
0.493524,0.288433,0.209380,0.007327,0.001336
0.005592,0.024579,0.015396,0.940510,0.013923
0.250013,0.324807,0.001655,0.099351,0.324173
0.062925,0.762855,0.128204,0.008625,0.037391
0.024355,0.538052,0.379677,0.029608,0.028308
0.400166,0.144573,0.055035,0.096400,0.303827
0.134775,0.327860,0.086805,0.441157,0.009403
0.138927,0.198615,0.087706,0.523793,0.050959
0.636097,0.036407,0.020983,0.304013,0.002500
0.250628,0.028171,0.253119,0.213786,0.254296
0.938151,0.012945,0.010101,0.022942,0.015861
0.059511,0.081970,0.155533,0.416636,0.286349
0.112656,0.289369,0.109618,0.150710,0.337647
0.021243,0.303750,0.023469,0.243594,0.407943
0.192511,0.309439,0.026207,0.262874,0.208969
0.753794,0.020137,0.025356,0.056919,0.143794
0.088515,0.368861,0.153239,0.137229,0.252156
0.185383,0.424761,0.041284,0.039625,0.308947
0.020316,0.523179,0.016549,0.231113,0.208844
0.573241,0.031618,0.247000,0.065002,0.083139
0.077657,0.034376,0.713076,0.170137,0.004753
0.155373,0.438529,0.281903,0.009182,0.115013
0.053577,0.084784,0.061787,0.787311,0.012541
0.593276,0.034344,0.134857,0.222125,0.015399
0.192559,0.171684,0.159481,0.243893,0.232384
0.307049,0.021100,0.020371,0.205816,0.445664
0.178770,0.233046,0.214221,0.250343,0.123619
0.061125,0.786898,0.114868,0.013219,0.023890
0.059121,0.215413,0.327825,0.167437,0.230204
0.291839,0.103767,0.497405,0.021223,0.085767
0.195959,0.253590,0.223356,0.170252,0.156844
0.051847,0.313749,0.145267,0.189464,0.299674
0.304450,0.049025,0.021755,0.593760,0.031011
0.085228,0.045798,0.485566,0.009609,0.373799
0.036058,0.836861,0.048950,0.062669,0.015463
0.070807,0.409708,0.016541,0.494142,0.008802
0.015977,0.021022,0.439267,0.472186,0.051549
0.107712,0.160750,0.209658,0.390166,0.131714
0.337665,0.114885,0.348383,0.094871,0.104196
0.257330,0.039850,0.377350,0.246989,0.078481
0.102449,0.099055,0.019203,0.125125,0.654169
0.072016,0.340728,0.111758,0.347617,0.127881
0.808144,0.041920,0.086773,0.051011,0.012152
0.328918,0.053852,0.023343,0.090383,0.503503
0.260311,0.407979,0.090977,0.205521,0.035212
0.419663,0.003857,0.089614,0.375449,0.111417
0.177290,0.018985,0.333738,0.281860,0.188126
0.042050,0.038138,0.054205,0.807111,0.058495
0.107437,0.288643,0.175071,0.352962,0.075887
0.213490,0.261063,0.194006,0.226373,0.105068
0.017957,0.166265,0.181451,0.109026,0.525301
0.209412,0.050845,0.077302,0.009405,0.653036
0.077670,0.310281,0.104516,0.467040,0.040492
0.274966,0.302287,0.095865,0.096240,0.230642
0.419243,0.059229,0.232889,0.211840,0.076798
0.086166,0.065937,0.269854,0.135294,0.442748
0.379102,0.103742,0.252536,0.032201,0.232420
0.129262,0.262652,0.285663,0.239615,0.082809
0.046924,0.160613,0.091694,0.099338,0.601431
0.286064,0.105675,0.431957,0.152452,0.023851
0.173053,0.190062,0.099765,0.167893,0.369227
0.274837,0.069456,0.196321,0.339378,0.120009
0.081950,0.380602,0.126679,0.184497,0.226271
0.097312,0.164405,0.361558,0.038397,0.338328
0.024972,0.358637,0.054014,0.457138,0.105239
0.231506,0.743670,0.008375,0.007464,0.008985
0.109586,0.414547,0.313289,0.104262,0.058315
0.110910,0.483656,0.025371,0.049433,0.330631
0.616646,0.060401,0.116540,0.123935,0.082478
0.024788,0.006194,0.385480,0.348933,0.234606
0.159465,0.229878,0.223132,0.189647,0.197877
0.022878,0.004879,0.348812,0.002818,0.620612
0.024677,0.023778,0.869047,0.022250,0.060247
0.065563,0.143543,0.116358,0.651534,0.023002
0.155617,0.075841,0.080891,0.603866,0.083785
0.003883,0.002170,0.984122,0.002283,0.007543
0.195537,0.313766,0.034497,0.059490,0.396710
0.588264,0.147435,0.089599,0.121514,0.053189
0.052434,0.778933,0.030169,0.041076,0.097388
0.181104,0.073891,0.251438,0.142428,0.351139
0.085167,0.459340,0.097835,0.263938,0.093720
0.450869,0.087320,0.027530,0.163274,0.271007
0.621714,0.012878,0.078518,0.253908,0.032982
0.024522,0.218990,0.312466,0.416383,0.027638
0.169658,0.038078,0.029859,0.006495,0.755910
0.108333,0.111799,0.018702,0.684852,0.076315
0.311706,0.170218,0.195967,0.316769,0.005340
0.567035,0.163413,0.102211,0.131949,0.035392
0.613196,0.101976,0.058332,0.116233,0.110263
0.004309,0.003171,0.431640,0.552345,0.008536
0.566762,0.057525,0.052582,0.072153,0.250978
0.539341,0.046080,0.093449,0.103641,0.217488
0.041286,0.117842,0.505919,0.286021,0.048932
0.048020,0.643919,0.151865,0.018191,0.138005
0.283426,0.081044,0.241482,0.144901,0.249147
0.440598,0.035562,0.059324,0.171658,0.292858
0.763907,0.047961,0.077924,0.081903,0.028305
0.033206,0.084960,0.872427,0.003174,0.006233
0.165224,0.026399,0.776777,0.005073,0.026528
0.570051,0.173009,0.046610,0.158027,0.052303
0.012875,0.055142,0.011452,0.916849,0.003682
0.741412,0.177428,0.048285,0.027351,0.005524
0.054836,0.149350,0.179449,0.343540,0.272826
0.008008,0.006941,0.957373,0.022554,0.005123
0.160046,0.165450,0.080634,0.483442,0.110429
0.140645,0.517482,0.113012,0.159372,0.069489
0.209035,0.021829,0.068496,0.323602,0.377038
0.024337,0.011931,0.920407,0.036215,0.007110
0.141609,0.210617,0.137520,0.137118,0.373135
0.046124,0.058421,0.254824,0.111733,0.528898
0.072765,0.018290,0.587346,0.280781,0.040817
0.009807,0.958247,0.020479,0.004641,0.006826
0.034306,0.779177,0.072060,0.076558,0.037899
0.705821,0.096885,0.070813,0.053348,0.073132
0.012242,0.295440,0.088512,0.575063,0.028743
0.345892,0.197661,0.153339,0.201560,0.101549
0.489343,0.034374,0.399001,0.041747,0.035535
0.100131,0.716409,0.106954,0.068618,0.007889
0.271094,0.333777,0.022982,0.006995,0.365153
0.394744,0.193419,0.041994,0.197813,0.172030
0.034806,0.025465,0.846054,0.035841,0.057835
0.229133,0.295220,0.277605,0.078383,0.119659
0.298603,0.585779,0.004161,0.107305,0.004153
0.003370,0.004170,0.971690,0.004517,0.016252
0.270243,0.109615,0.116230,0.138838,0.365075
0.476646,0.077924,0.352144,0.080084,0.013202
0.100942,0.156036,0.073850,0.559172,0.110000
0.141540,0.334926,0.274428,0.159138,0.089968
0.013171,0.035076,0.000692,0.018166,0.932894
0.138108,0.383194,0.158651,0.222209,0.097837
0.159304,0.010652,0.289804,0.483881,0.056360
0.104440,0.072849,0.660809,0.079473,0.082428
0.862208,0.043179,0.026017,0.001554,0.067041
0.753983,0.124596,0.012935,0.067379,0.041107
0.090815,0.037416,0.422807,0.066054,0.382908
0.413648,0.206377,0.125174,0.254344,0.000458
0.114713,0.401563,0.185835,0.104652,0.193237
0.011308,0.068665,0.035623,0.874088,0.010316
0.838973,0.010048,0.132163,0.005452,0.013364
0.031081,0.334074,0.051697,0.141975,0.441173
0.001306,0.473335,0.264482,0.166481,0.094396
0.092691,0.009875,0.273835,0.603097,0.020501
0.166230,0.115651,0.031448,0.681976,0.004695
0.937892,0.012537,0.018565,0.019724,0.011282
0.191024,0.355142,0.079475,0.146178,0.228180
0.303900,0.217612,0.202441,0.110496,0.165551
0.252541,0.014157,0.545173,0.004625,0.183504
0.038438,0.685998,0.084284,0.159164,0.032116
0.160633,0.179901,0.214055,0.271385,0.174026
0.206872,0.095223,0.136935,0.020077,0.540893
0.089979,0.429268,0.203566,0.142112,0.135075
0.065880,0.790135,0.025349,0.028501,0.090135
0.051448,0.025419,0.129340,0.754730,0.039063
0.045050,0.093390,0.008594,0.684024,0.168942
0.003558,0.879166,0.022498,0.024386,0.070391
0.292670,0.081172,0.095062,0.208245,0.322851
0.647785,0.037641,0.027165,0.126595,0.160814
0.373867,0.046641,0.304434,0.225795,0.049263
0.014835,0.891318,0.009786,0.044899,0.039162
0.846544,0.108629,0.009646,0.027106,0.008075
0.669317,0.059391,0.070391,0.085073,0.115828
0.109505,0.112673,0.560013,0.205314,0.012494
0.404851,0.131564,0.215225,0.057308,0.191051
0.361862,0.200132,0.118054,0.040600,0.279352
0.051864,0.056408,0.099581,0.106419,0.685727
0.009259,0.036372,0.457388,0.003391,0.493589
0.024589,0.636330,0.017685,0.305911,0.015485
0.359388,0.107987,0.028446,0.140155,0.364024
0.652151,0.051280,0.008217,0.145372,0.142979
0.434717,0.361451,0.070276,0.055920,0.077637
0.147042,0.377693,0.096810,0.047089,0.331365
0.926381,0.004315,0.011204,0.021744,0.036356
0.004547,0.004172,0.003989,0.798955,0.188338
0.008802,0.010596,0.014120,0.952444,0.014038
0.186254,0.146336,0.085691,0.059356,0.522363
0.286014,0.017584,0.216106,0.043749,0.436546
0.827565,0.010790,0.004112,0.118352,0.039181
0.181301,0.024752,0.138196,0.100026,0.555725
0.029887,0.851525,0.034568,0.070963,0.013057
0.172679,0.396814,0.135538,0.142877,0.152092
0.005049,0.835137,0.007835,0.029398,0.122581
0.152163,0.041884,0.288455,0.370089,0.147409
0.012484,0.012830,0.031755,0.929591,0.013341
0.042762,0.778980,0.064256,0.014967,0.099036
0.321096,0.324564,0.174747,0.100055,0.079538
0.533913,0.009686,0.001263,0.390619,0.064518
0.047693,0.282408,0.456940,0.179729,0.033230
0.106776,0.088004,0.048600,0.655723,0.100897
0.945644,0.004294,0.024521,0.002641,0.022901
0.160920,0.291282,0.213367,0.282182,0.052249
0.031434,0.057030,0.694432,0.169266,0.047837
0.425332,0.182220,0.095462,0.111171,0.185814
0.169410,0.250988,0.522713,0.017438,0.039451
0.020417,0.053581,0.154589,0.315496,0.455917
0.325799,0.000814,0.002052,0.669803,0.001533
0.016740,0.039304,0.098233,0.748159,0.097564
0.856186,0.006398,0.003242,0.106123,0.028051
0.391627,0.125416,0.121320,0.072869,0.288767
0.241230,0.486452,0.193167,0.036375,0.042776
0.349309,0.184073,0.203750,0.045552,0.217315
0.010761,0.768523,0.054515,0.032912,0.133289
0.169182,0.504099,0.060383,0.123173,0.143163
0.227485,0.556742,0.021388,0.045633,0.148752
0.321805,0.062629,0.185158,0.091839,0.338569
0.343330,0.093222,0.047613,0.401394,0.114441
0.033826,0.001372,0.001225,0.917836,0.045741
0.026738,0.374734,0.053592,0.493196,0.051740
0.205727,0.066692,0.221902,0.450064,0.055615
0.002844,0.005139,0.030362,0.159243,0.802412
0.020953,0.619999,0.020953,0.316896,0.021200
0.017869,0.039106,0.884858,0.011270,0.046896
0.516132,0.306948,0.068724,0.085445,0.022751
0.058392,0.113436,0.116580,0.188859,0.522732
0.308845,0.040070,0.001305,0.196890,0.452891
0.101541,0.005788,0.048270,0.519966,0.324435
0.077073,0.271120,0.136594,0.440072,0.075141
0.002764,0.861618,0.003083,0.020066,0.112469
0.102108,0.584872,0.058980,0.026172,0.227868
0.302096,0.020882,0.447341,0.142770,0.086912
0.137964,0.294648,0.056070,0.098022,0.413295
0.057449,0.076741,0.352259,0.380511,0.133039
0.245156,0.397418,0.182797,0.006269,0.168360
0.298426,0.077319,0.127477,0.065109,0.431670
0.105905,0.174950,0.123092,0.307046,0.289007
0.033197,0.038406,0.045066,0.198065,0.685266
0.130367,0.346843,0.134243,0.169368,0.219179
0.377787,0.113100,0.006124,0.268415,0.234573
0.001386,0.989076,0.002635,0.005120,0.001783
0.266796,0.089344,0.266796,0.250082,0.126983
0.059645,0.619696,0.066279,0.225538,0.028842
0.023407,0.099464,0.025607,0.835654,0.015869
0.199501,0.051437,0.188147,0.094791,0.466124
0.294346,0.120152,0.089814,0.415805,0.079883
0.188554,0.160650,0.191150,0.306053,0.153593
0.098131,0.037274,0.145542,0.278937,0.440116
0.440463,0.075520,0.015780,0.018648,0.449589
0.002224,0.046985,0.936825,0.009858,0.004107
0.457348,0.053514,0.091744,0.255299,0.142095
0.955477,0.025763,0.014269,0.002913,0.001578
0.185044,0.557793,0.197171,0.019323,0.040669
0.532976,0.018237,0.031205,0.299411,0.118171
0.166643,0.030244,0.109334,0.688361,0.005417
0.031318,0.343513,0.174084,0.280367,0.170717
0.196456,0.589235,0.125425,0.053264,0.035620
0.207033,0.172308,0.549872,0.051284,0.019503
0.403359,0.005995,0.087147,0.002489,0.501009
0.532190,0.078516,0.236851,0.021001,0.131442
0.268443,0.054697,0.047988,0.094879,0.533993
0.137276,0.048744,0.714897,0.059143,0.039940
0.035344,0.264693,0.028097,0.661066,0.010801
0.491637,0.290966,0.052679,0.087620,0.077098
0.205251,0.148271,0.182198,0.180427,0.283852
0.044268,0.002112,0.848643,0.066139,0.038838
0.004546,0.034655,0.129894,0.099302,0.731603
0.038374,0.045216,0.148548,0.510943,0.256918
0.259814,0.247674,0.120353,0.339192,0.032967
0.343074,0.251037,0.047694,0.034487,0.323708
0.659117,0.043227,0.141185,0.112562,0.043908
0.013249,0.368367,0.226170,0.354601,0.037613
0.261411,0.073268,0.410806,0.011684,0.242831
0.062685,0.068110,0.243842,0.118145,0.507218
0.019845,0.136644,0.002513,0.550023,0.290976
0.463541,0.015426,0.329825,0.003038,0.188170
0.857521,0.030333,0.013447,0.023292,0.075407
0.005479,0.020558,0.144786,0.802934,0.026242
0.637337,0.017992,0.059630,0.050263,0.234778
0.010589,0.723007,0.079008,0.137955,0.049442
0.065657,0.026270,0.474133,0.261969,0.171971
0.182021,0.022539,0.106483,0.103106,0.585851
0.143634,0.216465,0.298193,0.244330,0.097378
0.013018,0.445321,0.129821,0.369239,0.042602
0.080469,0.286123,0.425140,0.104134,0.104134
0.014513,0.158954,0.062430,0.118471,0.645631
0.184488,0.089890,0.098292,0.111054,0.516275
0.014288,0.110706,0.091868,0.424378,0.358761
0.239876,0.106237,0.135085,0.228891,0.289911
0.062258,0.014166,0.167673,0.671633,0.084270
0.426780,0.021021,0.056586,0.064750,0.430863
0.057415,0.516251,0.005217,0.393703,0.027414
0.088609,0.100407,0.089478,0.185037,0.536470
0.051969,0.245163,0.078321,0.081044,0.543503
0.008716,0.903061,0.027217,0.051072,0.009935
0.005420,0.001075,0.992288,0.000485,0.000733
0.168252,0.562557,0.028595,0.175982,0.064614
0.336890,0.100170,0.307041,0.103754,0.152145
0.005285,0.092323,0.793569,0.022293,0.086530
0.016513,0.044800,0.908671,0.015696,0.014319
0.248140,0.566614,0.062282,0.115989,0.006974
0.094155,0.051197,0.035416,0.723782,0.095451
0.630106,0.047094,0.264986,0.025257,0.032557
0.000699,0.008633,0.001992,0.917958,0.070716
0.004712,0.276819,0.008773,0.153772,0.555923
0.268482,0.053230,0.032412,0.073041,0.572835
0.120514,0.036398,0.296243,0.014592,0.532253
0.032810,0.517767,0.010947,0.373480,0.064996
0.135120,0.093709,0.461254,0.295418,0.014498
0.177044,0.315154,0.044808,0.234775,0.228219
0.001757,0.445226,0.095958,0.021297,0.435763
0.016107,0.038714,0.501070,0.413782,0.030328
0.132069,0.059296,0.722375,0.057810,0.028451
0.009541,0.072170,0.125800,0.652422,0.140066
0.002735,0.009585,0.782527,0.169068,0.036085
0.009724,0.068303,0.004487,0.873628,0.043858
0.002539,0.988928,0.003210,0.002599,0.002724
0.066400,0.042124,0.123086,0.563063,0.205327
0.025695,0.023951,0.014612,0.925913,0.009829
0.090832,0.056015,0.015707,0.030041,0.807405
0.091080,0.038868,0.293722,0.518021,0.058310
0.280951,0.336254,0.171742,0.129132,0.081921
0.023644,0.853436,0.023277,0.018558,0.081086
0.011973,0.611112,0.257250,0.103482,0.016183
0.144426,0.195107,0.254965,0.208096,0.197407
0.126164,0.020811,0.043686,0.557204,0.252135
0.003610,0.006263,0.004564,0.907039,0.078524
0.349693,0.056725,0.192084,0.271147,0.130352
0.226902,0.087821,0.040602,0.179670,0.465005
0.704080,0.168545,0.027717,0.024317,0.075341
0.071280,0.234844,0.041291,0.231881,0.420704
0.042117,0.343295,0.565722,0.043454,0.005412
0.168104,0.033557,0.071458,0.195767,0.531113
0.007203,0.746629,0.061677,0.070438,0.114053
0.172892,0.233562,0.104455,0.087105,0.401986
0.592447,0.053228,0.131517,0.141028,0.081780
0.050597,0.863332,0.006439,0.061992,0.017640
0.435479,0.024870,0.267898,0.064130,0.207623
0.031609,0.034077,0.005504,0.005060,0.923750
0.016155,0.087420,0.177414,0.703230,0.015781
0.389573,0.006855,0.393396,0.206094,0.004081
0.113210,0.110049,0.040209,0.514985,0.221547
0.097411,0.460881,0.133601,0.101787,0.206320
0.400941,0.020373,0.229764,0.304685,0.044238
0.912763,0.029774,0.025817,0.010534,0.021113
0.781889,0.107484,0.005116,0.016339,0.089172
0.041443,0.426453,0.397389,0.018937,0.115777
0.015580,0.006030,0.265069,0.071212,0.642108
0.064226,0.629624,0.045990,0.096792,0.163368
0.343302,0.229808,0.265025,0.075487,0.086378
0.188217,0.091461,0.246804,0.035365,0.438153
0.617329,0.103065,0.011274,0.132921,0.135411
0.934812,0.019236,0.007447,0.016336,0.022168
0.141399,0.362135,0.198047,0.086774,0.211645
0.269544,0.316899,0.131542,0.150152,0.131863
0.041527,0.287550,0.286149,0.273846,0.110928
0.655342,0.271061,0.015640,0.007674,0.050282
0.296210,0.097014,0.093938,0.313778,0.199060
0.384986,0.406626,0.130093,0.038493,0.039802
0.207602,0.068661,0.482688,0.078260,0.162789
0.690591,0.033488,0.176150,0.068981,0.030790
0.339073,0.026262,0.077225,0.534479,0.022962
0.022198,0.019820,0.249858,0.291117,0.417006
0.742862,0.047420,0.125854,0.037880,0.045984
0.330892,0.108691,0.177287,0.270330,0.112800
0.086627,0.603939,0.046052,0.083716,0.179666
0.042970,0.413027,0.104092,0.406314,0.033596
0.120308,0.020988,0.072050,0.166056,0.620598
0.529270,0.318183,0.038745,0.098360,0.015442
0.011290,0.009676,0.425350,0.042030,0.511654
0.163657,0.120438,0.120438,0.194348,0.401119
0.001036,0.845604,0.003974,0.047104,0.102283
0.063399,0.089407,0.179903,0.175392,0.491900
0.032898,0.119866,0.027703,0.051153,0.768381
0.460530,0.185345,0.088065,0.123950,0.142109
0.248560,0.035424,0.039828,0.445901,0.230288
0.049614,0.702515,0.236696,0.002772,0.008403
0.027775,0.019352,0.021463,0.923375,0.008036
0.001670,0.036031,0.265323,0.077667,0.619309
0.001083,0.067122,0.884160,0.040751,0.006884
0.037190,0.290245,0.076458,0.516913,0.079194
0.323482,0.451337,0.018056,0.101894,0.105231
0.133965,0.074308,0.023291,0.041037,0.727398
0.242474,0.005159,0.162829,0.363996,0.225542
0.406650,0.145634,0.161991,0.135614,0.150110
0.110682,0.097486,0.287931,0.077118,0.426782
0.072832,0.294888,0.506543,0.084157,0.041580
0.039449,0.121276,0.058417,0.203695,0.577164
0.019465,0.001034,0.001738,0.000332,0.977431
0.590419,0.225415,0.068346,0.059380,0.056440
0.229412,0.412985,0.115356,0.178666,0.063581
0.025918,0.206415,0.147338,0.381933,0.238396
0.495293,0.009019,0.030139,0.178335,0.287214
0.061571,0.030779,0.526726,0.041176,0.339748
0.755258,0.125234,0.074344,0.027740,0.017425
0.209056,0.190347,0.187396,0.197930,0.215271
0.150082,0.079786,0.553554,0.035543,0.181034
0.007219,0.117534,0.104639,0.002690,0.767918
0.103361,0.060408,0.130916,0.317134,0.388181
0.736838,0.040527,0.096076,0.095818,0.030741
0.081707,0.440253,0.057041,0.105017,0.315982
0.078284,0.316344,0.573945,0.024376,0.007051
0.066334,0.146274,0.403580,0.167950,0.215862
0.462164,0.046334,0.184871,0.101896,0.204734
0.001900,0.283656,0.259283,0.346865,0.108296
0.003736,0.926670,0.035835,0.007855,0.025905
0.204433,0.359317,0.202991,0.168491,0.064769
0.074262,0.113679,0.051239,0.479600,0.281220
0.125824,0.262239,0.423997,0.114117,0.073824
0.007645,0.448672,0.429801,0.002199,0.111683
0.067254,0.452690,0.007793,0.425678,0.046585
0.142890,0.044700,0.317016,0.265265,0.230129
0.112346,0.221256,0.350814,0.253176,0.062408
0.029183,0.418377,0.008820,0.535113,0.008507
0.136153,0.109616,0.501933,0.019788,0.232510
0.171483,0.026087,0.155452,0.101873,0.545105
0.183228,0.046520,0.127446,0.610988,0.031817
0.455885,0.179160,0.012983,0.050062,0.301910
0.003683,0.002487,0.659254,0.002111,0.332466
0.323495,0.314462,0.151176,0.084802,0.126065
0.028852,0.275350,0.137109,0.469818,0.088871
0.029034,0.903655,0.014198,0.011386,0.041726
0.114882,0.272910,0.141861,0.215469,0.254878
0.345070,0.106066,0.124004,0.248788,0.176073
0.608455,0.056512,0.118938,0.038765,0.177330
0.217307,0.491625,0.002570,0.284530,0.003968
0.003584,0.255430,0.707335,0.002034,0.031618
0.786731,0.036190,0.080921,0.077291,0.018867
0.523916,0.216384,0.158464,0.026456,0.074780
0.027410,0.166643,0.007979,0.322784,0.475184
0.165327,0.050570,0.008199,0.561484,0.214420
0.171843,0.620343,0.043111,0.095272,0.069431
0.615523,0.005233,0.363264,0.010086,0.005895
0.132832,0.095250,0.030833,0.695607,0.045479
0.338451,0.046435,0.148727,0.171184,0.295202
0.541556,0.054253,0.069188,0.327190,0.007812
0.610467,0.030647,0.297082,0.047745,0.014059
0.151905,0.151905,0.312298,0.189603,0.194289
0.209438,0.459132,0.103553,0.211700,0.016178
0.273405,0.018596,0.404758,0.022257,0.280984
0.403233,0.093216,0.070432,0.316144,0.116976
0.044570,0.021136,0.883131,0.035396,0.015768
0.373244,0.199004,0.109419,0.017836,0.300497
0.544814,0.035794,0.256850,0.067265,0.095277
0.358349,0.008841,0.002391,0.439916,0.190503
0.124142,0.776979,0.068491,0.015031,0.015357
0.112453,0.029306,0.069280,0.568788,0.220172
0.056675,0.036450,0.167230,0.653142,0.086504
0.009218,0.500448,0.277693,0.050763,0.161878
0.002160,0.730792,0.057198,0.207442,0.002409
0.106654,0.148944,0.155484,0.430985,0.157932
0.021651,0.045523,0.010287,0.005506,0.917033
0.065164,0.270759,0.195736,0.187893,0.280447
0.150315,0.106070,0.100818,0.038043,0.604754
0.963808,0.002870,0.024967,0.005620,0.002734
0.103085,0.216380,0.278653,0.220648,0.181234
0.889739,0.009942,0.056162,0.013563,0.030594
0.225582,0.202606,0.181970,0.168624,0.221219
0.668498,0.044049,0.021053,0.206485,0.059915
0.003974,0.010844,0.876688,0.101286,0.007209
0.222702,0.561654,0.040716,0.027874,0.147054
0.004780,0.116037,0.077297,0.003477,0.798409
0.002058,0.023073,0.949972,0.018057,0.006840
0.936772,0.022225,0.036340,0.002317,0.002345
0.192191,0.063069,0.329895,0.266766,0.148079
0.874692,0.024644,0.008159,0.031092,0.061413
0.074417,0.422217,0.239284,0.051623,0.212460
0.125730,0.180188,0.213353,0.185817,0.294912
0.025640,0.765568,0.015827,0.135523,0.057442
0.155323,0.195963,0.273667,0.240100,0.134947
0.145101,0.046673,0.263516,0.492312,0.052399
0.171428,0.058956,0.073515,0.108542,0.587560
0.084247,0.038647,0.375181,0.245449,0.256476
0.263274,0.111913,0.377490,0.162515,0.084807
0.189554,0.171248,0.322442,0.168264,0.148492
0.024149,0.039045,0.352793,0.028178,0.555835
0.467693,0.119441,0.092162,0.009573,0.311132
0.169607,0.136417,0.030888,0.165921,0.497167
0.105009,0.073236,0.197528,0.540752,0.083475
0.021116,0.030574,0.234337,0.227239,0.486735
0.434968,0.165418,0.152390,0.082772,0.164452
0.117594,0.157931,0.120148,0.525992,0.078335
0.229614,0.363712,0.206731,0.115514,0.084429
0.013207,0.075483,0.136386,0.488380,0.286544
0.052839,0.408567,0.184698,0.247990,0.105907
0.126882,0.155156,0.517253,0.144904,0.055804
0.201319,0.226792,0.292061,0.121038,0.158791
0.100238,0.077006,0.239521,0.354682,0.228553
0.133697,0.255701,0.077680,0.480051,0.052870
0.075113,0.053891,0.078411,0.149381,0.643203
0.358656,0.254325,0.132718,0.098531,0.155770
0.128424,0.110035,0.467355,0.115231,0.178954
0.308628,0.108922,0.178358,0.304140,0.099952
0.068959,0.010648,0.264863,0.015798,0.639732
0.007706,0.983058,0.001335,0.001127,0.006774
0.129275,0.096163,0.543737,0.035238,0.195587
0.077015,0.380380,0.217052,0.120454,0.205099
0.061017,0.038709,0.017827,0.846856,0.035591
0.319897,0.098256,0.424209,0.072167,0.085471
0.241788,0.044683,0.281074,0.020759,0.411697
0.258115,0.201807,0.051576,0.412870,0.075631
0.021697,0.810214,0.121372,0.041619,0.005098
