0.074159,0.236628,0.057509,0.535859,0.095846
0.984424,0.000884,0.000747,0.008356,0.005588
0.022279,0.001109,0.009438,0.002092,0.965082
0.642141,0.293563,0.050370,0.000546,0.013379
0.912696,0.037106,0.023494,0.018804,0.007900
0.004049,0.639689,0.074484,0.008792,0.272986
0.121683,0.076744,0.062393,0.390502,0.348679
0.000527,0.001455,0.000465,0.021174,0.976378
0.000079,0.295788,0.000057,0.000038,0.704037
0.997782,0.000233,0.000995,0.000674,0.000317
0.009254,0.744880,0.215085,0.027603,0.003178
0.024935,0.901604,0.018530,0.038320,0.016610
0.009996,0.776759,0.022048,0.041841,0.149355
0.272170,0.107210,0.205044,0.351183,0.064394
0.010321,0.000071,0.001017,0.988043,0.000548
0.574784,0.082694,0.245078,0.047580,0.049864
0.000329,0.000242,0.000296,0.000064,0.999070
0.000965,0.001258,0.014825,0.980193,0.002759
0.000942,0.001583,0.993417,0.001067,0.002992
0.232804,0.033637,0.153124,0.012618,0.567816
0.000057,0.001997,0.001438,0.001685,0.994823
0.000016,0.270391,0.729279,0.000198,0.000117
0.000009,0.000007,0.999966,0.000009,0.000009
0.013522,0.318771,0.083809,0.041651,0.542248
0.007510,0.050774,0.000772,0.940420,0.000524
0.000212,0.000009,0.000093,0.000010,0.999677
0.244742,0.151964,0.119278,0.098982,0.385034
0.118908,0.020912,0.011093,0.021278,0.827810
0.000608,0.230867,0.330057,0.018785,0.419683
0.000013,0.999933,0.000013,0.000016,0.000024
0.597657,0.008459,0.021018,0.363206,0.009660
0.438640,0.126288,0.005032,0.422661,0.007380
0.720934,0.004915,0.271606,0.002097,0.000448
0.047892,0.242979,0.206617,0.502471,0.000041
0.010158,0.712860,0.170564,0.051125,0.055293
0.659948,0.002891,0.336411,0.000538,0.000212
0.999436,0.000197,0.000109,0.000114,0.000144
0.753196,0.012647,0.027355,0.044706,0.162097
0.105281,0.279691,0.148543,0.426062,0.040422
0.000141,0.287348,0.000968,0.000351,0.711193
0.114168,0.877630,0.000147,0.007803,0.000251
0.477579,0.103891,0.363323,0.020678,0.034528
0.000402,0.251169,0.428926,0.085958,0.233545
0.000429,0.000725,0.997893,0.000336,0.000618
0.038240,0.730039,0.016837,0.156348,0.058537
0.000069,0.020137,0.909696,0.000087,0.070011
0.000071,0.998281,0.000121,0.000026,0.001501
0.174494,0.211304,0.102480,0.180914,0.330808
0.032530,0.937531,0.005668,0.015665,0.008605
0.000497,0.998521,0.000279,0.000350,0.000354
0.245871,0.133939,0.186684,0.126317,0.307189
0.106121,0.397380,0.089363,0.168920,0.238215
0.667196,0.072981,0.227891,0.018525,0.013408
0.000493,0.002353,0.000227,0.996789,0.000139
0.162924,0.030853,0.079558,0.392365,0.334299
0.284244,0.010394,0.551115,0.005335,0.148911
0.026421,0.052809,0.001448,0.000134,0.919187
0.272728,0.000771,0.000059,0.003677,0.722765
0.000064,0.000042,0.057014,0.047544,0.895336
0.890125,0.105483,0.000032,0.003217,0.001144
0.005945,0.001943,0.990966,0.000264,0.000882
0.976252,0.000390,0.001283,0.003263,0.018812
0.008852,0.959235,0.010973,0.009168,0.011772
0.766780,0.002563,0.000857,0.137007,0.092794
0.234360,0.219303,0.154600,0.358756,0.032981
0.012231,0.016572,0.000368,0.970689,0.000141
0.935388,0.000988,0.053055,0.001466,0.009103
0.597041,0.289133,0.039418,0.029436,0.044972
0.198479,0.290483,0.012788,0.018389,0.479861
0.077295,0.156446,0.376396,0.011993,0.377869
0.013982,0.544494,0.415039,0.011367,0.015118
0.498991,0.000025,0.000011,0.000030,0.500944
0.000081,0.000420,0.674540,0.324914,0.000045
0.015473,0.894899,0.088694,0.000832,0.000103
0.008104,0.006262,0.001248,0.983038,0.001349
0.995611,0.000115,0.000238,0.002541,0.001495
0.034392,0.924129,0.014734,0.014337,0.012408
0.042540,0.203543,0.613105,0.138398,0.002414
0.870509,0.088150,0.001396,0.039078,0.000867
0.100014,0.112449,0.541729,0.128421,0.117386
0.000164,0.000334,0.073936,0.000101,0.925464
0.571754,0.004595,0.071180,0.345940,0.006531
0.951225,0.005050,0.003702,0.029120,0.010903
0.036480,0.039061,0.016379,0.179999,0.728082
0.355021,0.001198,0.637856,0.005776,0.000149
0.004056,0.022426,0.005805,0.000998,0.966715
0.000607,0.004119,0.062574,0.923122,0.009577
0.994522,0.001085,0.000036,0.002772,0.001585
0.000066,0.000056,0.000218,0.000120,0.999540
0.097091,0.242188,0.041031,0.325264,0.294426
0.108769,0.094316,0.195804,0.238503,0.362609
0.086228,0.290425,0.547643,0.029887,0.045818
0.006566,0.895128,0.000144,0.097722,0.000441
0.258337,0.010629,0.013140,0.645665,0.072230
0.000338,0.001504,0.001131,0.000762,0.996265
0.070053,0.015067,0.000035,0.001045,0.913800
0.000202,0.000231,0.000161,0.013113,0.986292
0.717003,0.031549,0.006707,0.005977,0.238763
0.137322,0.148480,0.227291,0.141681,0.345226
0.163850,0.471576,0.089057,0.000180,0.275337
0.032067,0.018925,0.722033,0.172001,0.054975
0.280533,0.018576,0.516484,0.128187,0.056220
0.134590,0.100803,0.169475,0.244665,0.350467
0.000331,0.000084,0.000200,0.998648,0.000737
0.002175,0.003869,0.389705,0.570907,0.033345
0.024373,0.701584,0.000615,0.006094,0.267334
0.006405,0.992712,0.000086,0.000779,0.000017
0.089009,0.008945,0.000378,0.828362,0.073306
0.000344,0.000081,0.000524,0.913346,0.085704
0.815039,0.177539,0.001509,0.000286,0.005627
0.007063,0.447780,0.236656,0.013403,0.295098
0.008403,0.008841,0.978633,0.001965,0.002158
0.114518,0.178761,0.123341,0.241490,0.341889
0.000989,0.102106,0.478631,0.000804,0.417470
0.000408,0.044347,0.001300,0.451843,0.502102
0.000326,0.000404,0.981779,0.000300,0.017192
0.000088,0.000061,0.000031,0.002477,0.997342
0.174452,0.039308,0.106018,0.075472,0.604750
0.283989,0.199811,0.221171,0.132584,0.162445
0.012123,0.024561,0.027507,0.905597,0.030211
0.514092,0.000687,0.484835,0.000298,0.000088
0.000410,0.998448,0.000299,0.000338,0.000505
0.424867,0.514493,0.021029,0.023736,0.015874
0.000050,0.062742,0.002493,0.934677,0.000038
0.002209,0.778237,0.189555,0.003558,0.026442
0.000004,0.000006,0.563126,0.000011,0.436853
0.182593,0.079032,0.217470,0.346162,0.174742
0.063950,0.354599,0.061260,0.490393,0.029798
0.000353,0.005652,0.001291,0.986532,0.006172
0.000101,0.855681,0.000101,0.143980,0.000137
0.678635,0.011948,0.006521,0.292796,0.010100
0.738876,0.257257,0.001300,0.001406,0.001161
0.000173,0.001902,0.997175,0.000196,0.000554
0.002874,0.227429,0.074560,0.000060,0.695078
0.073937,0.282323,0.011472,0.026363,0.605905
0.972207,0.001593,0.007223,0.018620,0.000357
0.697409,0.073984,0.215521,0.009642,0.003445
0.282637,0.002776,0.169265,0.117706,0.427616
0.210550,0.208911,0.192458,0.199345,0.188736
0.000036,0.000183,0.001446,0.998311,0.000024
0.006281,0.535852,0.442505,0.000019,0.015343
0.220592,0.080049,0.143262,0.253404,0.302693
0.000929,0.726635,0.001921,0.270465,0.000050
0.103707,0.066114,0.538239,0.006989,0.284951
0.000141,0.998124,0.000064,0.001615,0.000056
0.012859,0.028032,0.004532,0.937408,0.017169
0.023301,0.972550,0.002397,0.001485,0.000267
0.484991,0.022906,0.025059,0.441590,0.025454
0.000762,0.015285,0.007117,0.971146,0.005691
0.004570,0.185081,0.123773,0.239981,0.446595
0.155281,0.151093,0.183682,0.155889,0.354056
0.000538,0.256817,0.184257,0.558207,0.000181
0.000074,0.131867,0.001114,0.000319,0.866626
0.067469,0.802118,0.003259,0.067932,0.059222
0.011010,0.985753,0.000606,0.000237,0.002394
0.999798,0.000014,0.000150,0.000025,0.000012
0.000133,0.001334,0.000824,0.997697,0.000012
0.323334,0.000073,0.165466,0.000461,0.510666
0.133550,0.332483,0.139687,0.189443,0.204837
0.016779,0.001024,0.480396,0.501488,0.000314
0.000658,0.019218,0.935049,0.039548,0.005528
0.095142,0.365785,0.131319,0.065135,0.342618
0.040600,0.120825,0.050208,0.030857,0.757510
0.000012,0.000013,0.000011,0.999951,0.000013
0.045179,0.011971,0.907446,0.031974,0.003430
0.000068,0.000019,0.000010,0.000075,0.999828
0.780925,0.001865,0.001732,0.183683,0.031795
0.003571,0.617722,0.001077,0.330643,0.046987
0.018744,0.022876,0.024735,0.162084,0.771560
0.000288,0.000015,0.000236,0.000039,0.999422
0.000123,0.000035,0.000068,0.000029,0.999746
0.000950,0.007531,0.000068,0.991436,0.000015
0.002175,0.103164,0.538431,0.355881,0.000350
0.000080,0.000051,0.000424,0.001171,0.998274
0.000324,0.394567,0.204699,0.013475,0.386935
0.621579,0.304416,0.023314,0.020696,0.029994
0.004715,0.637442,0.025688,0.138599,0.193556
0.108171,0.573456,0.058126,0.090734,0.169513
0.129322,0.137528,0.681246,0.029453,0.022451
0.132384,0.866632,0.000126,0.000083,0.000775
0.028927,0.000331,0.002450,0.968268,0.000025
0.036452,0.000102,0.000058,0.000053,0.963335
0.000329,0.000567,0.000110,0.998850,0.000144
0.299915,0.002326,0.626298,0.000538,0.070924
0.020489,0.025799,0.907682,0.026932,0.019098
0.268449,0.048579,0.612090,0.060694,0.010188
0.000642,0.000103,0.000020,0.999143,0.000092
0.547807,0.027114,0.423313,0.001349,0.000417
0.608125,0.118663,0.206639,0.009971,0.056602
0.002647,0.000011,0.997184,0.000021,0.000137
0.975737,0.007612,0.015093,0.001270,0.000289
0.013666,0.165517,0.622827,0.002391,0.195599
0.000013,0.000481,0.003376,0.636362,0.359767
0.003144,0.258972,0.003662,0.115706,0.618516
0.215264,0.185569,0.194475,0.209457,0.195236
0.029733,0.110473,0.749068,0.031775,0.078951
0.139135,0.008680,0.378394,0.181533,0.292257
0.176693,0.045846,0.547183,0.222816,0.007462
0.000347,0.002556,0.001114,0.995465,0.000518
0.000005,0.000010,0.000005,0.999973,0.000006
0.000071,0.009993,0.565928,0.000147,0.423861
0.012107,0.001601,0.350375,0.000229,0.635688
0.127440,0.871742,0.000095,0.000675,0.000049
0.195783,0.255598,0.044716,0.266820,0.237083
0.619691,0.009373,0.008534,0.348976,0.013426
0.005909,0.000463,0.690985,0.236247,0.066397
0.435747,0.048131,0.041169,0.399083,0.075869
0.000684,0.000146,0.996117,0.000445,0.002608
0.889982,0.012471,0.090475,0.007042,0.000030
0.000033,0.000029,0.999449,0.000030,0.000459
0.112773,0.184896,0.640618,0.053465,0.008247
0.000045,0.023630,0.974348,0.001924,0.000054
0.000870,0.035107,0.937815,0.019549,0.006658
0.004647,0.986952,0.002305,0.005605,0.000491
0.778802,0.000374,0.072546,0.000075,0.148202
0.137832,0.203653,0.605181,0.033976,0.019359
0.044942,0.042219,0.068528,0.115437,0.728874
0.075532,0.133310,0.037236,0.041652,0.712270
0.220728,0.362500,0.184425,0.184425,0.047923
0.021414,0.004428,0.141110,0.631950,0.201098
0.003765,0.267454,0.374053,0.000926,0.353801
0.023135,0.015356,0.103030,0.856782,0.001697
0.012424,0.435388,0.031880,0.000233,0.520075
0.311185,0.296356,0.378305,0.011856,0.002298
0.003428,0.011307,0.936781,0.045160,0.003323
0.170302,0.147672,0.522011,0.159516,0.000500
0.088315,0.000374,0.348271,0.250851,0.312189
0.002522,0.374294,0.148304,0.216625,0.258255
0.999175,0.000517,0.000090,0.000118,0.000100
0.946706,0.014431,0.006255,0.027173,0.005435
0.665725,0.122906,0.187776,0.015557,0.008036
0.031477,0.268750,0.312976,0.162687,0.224111
0.003757,0.008238,0.980511,0.003195,0.004299
0.995005,0.002158,0.000678,0.001577,0.000582
0.066272,0.371081,0.465440,0.094745,0.002462
0.366247,0.141201,0.145683,0.153872,0.192998
0.000013,0.000005,0.000005,0.000013,0.999965
0.090246,0.812645,0.051421,0.037694,0.007994
0.002587,0.003132,0.979303,0.005627,0.009351
0.103767,0.098437,0.428426,0.369327,0.000043
0.071648,0.417370,0.019059,0.474330,0.017592
0.003295,0.004720,0.008922,0.003132,0.979931
0.000917,0.000604,0.984338,0.000278,0.013864
0.016072,0.116999,0.055551,0.275507,0.535872
0.069541,0.000811,0.000925,0.928639,0.000084
0.003898,0.001462,0.022986,0.000939,0.970716
0.981797,0.003091,0.004515,0.007985,0.002613
0.110247,0.005160,0.806707,0.000013,0.077872
0.001155,0.010933,0.018780,0.967025,0.002107
0.298005,0.323481,0.012086,0.022756,0.343672
0.120986,0.104910,0.028430,0.003093,0.742581
0.000092,0.000080,0.000094,0.999644,0.000090
0.155621,0.036461,0.126396,0.208799,0.472723
0.004659,0.009902,0.002455,0.034158,0.948825
0.000072,0.999604,0.000188,0.000066,0.000072
0.037787,0.002811,0.007658,0.010879,0.940865
0.000013,0.979465,0.000044,0.000010,0.020468
0.059407,0.343540,0.398708,0.086269,0.112077
0.000300,0.998486,0.000025,0.000069,0.001121
0.927415,0.014888,0.022746,0.001661,0.033290
0.001618,0.001051,0.000790,0.003424,0.993118
0.005302,0.000572,0.526771,0.260262,0.207094
0.320232,0.614856,0.021942,0.014673,0.028298
0.312363,0.009250,0.020764,0.096955,0.560668
0.997122,0.000177,0.000283,0.002213,0.000204
0.273280,0.204278,0.025568,0.103119,0.393755
0.039199,0.483640,0.009033,0.280114,0.188014
0.018429,0.542255,0.001499,0.406924,0.030892
0.476760,0.232354,0.003347,0.198743,0.088797
0.309468,0.009133,0.411382,0.230033,0.039984
0.089381,0.176372,0.196758,0.018088,0.519401
0.065006,0.011723,0.047467,0.812303,0.063500
0.002733,0.455572,0.002508,0.000817,0.538370
0.068693,0.242117,0.143730,0.439273,0.106187
0.001352,0.004382,0.991126,0.001342,0.001798
0.398732,0.024520,0.185609,0.010667,0.380473
0.415724,0.000458,0.011144,0.001108,0.571566
0.070461,0.904876,0.018480,0.006067,0.000116
0.076871,0.272531,0.157729,0.082149,0.410719
0.000689,0.050897,0.665222,0.282775,0.000417
0.109742,0.467476,0.001975,0.325555,0.095252
0.004262,0.052740,0.012521,0.729483,0.200994
0.000341,0.001136,0.942459,0.000397,0.055667
0.959606,0.002296,0.000158,0.000183,0.037757
0.000021,0.941980,0.000757,0.000006,0.057237
0.000161,0.562456,0.000077,0.211823,0.225484
0.000075,0.000974,0.111479,0.000290,0.887183
0.389055,0.147093,0.125325,0.309577,0.028950
0.001286,0.000122,0.998461,0.000078,0.000053
0.256719,0.293756,0.213661,0.217875,0.017989
0.009214,0.006186,0.222806,0.760096,0.001698
0.931558,0.000020,0.000123,0.000021,0.068277
0.020110,0.174400,0.326577,0.290252,0.188663
0.000167,0.973228,0.024317,0.001994,0.000294
0.795020,0.000710,0.000066,0.000027,0.204178
0.345963,0.000023,0.000038,0.653962,0.000014
0.332631,0.051361,0.388885,0.040078,0.187045
0.001838,0.004620,0.684264,0.305872,0.003406
0.670522,0.167069,0.088384,0.029146,0.044878
0.141036,0.277216,0.174838,0.181094,0.225816
0.016696,0.059423,0.070017,0.835670,0.018194
0.013395,0.013983,0.416700,0.547207,0.008716
0.001188,0.001198,0.000012,0.000015,0.997587
0.000227,0.056988,0.003089,0.907257,0.032439
0.010476,0.017271,0.950380,0.010808,0.011064
0.115931,0.056280,0.518551,0.290313,0.018925
0.081041,0.837899,0.049010,0.026751,0.005298
0.723237,0.000040,0.002536,0.273974,0.000213
0.248378,0.100446,0.183736,0.144304,0.323136
0.000422,0.998241,0.000752,0.000402,0.000183
0.000127,0.000011,0.380244,0.000005,0.619613
0.307355,0.030791,0.276050,0.029266,0.356538
0.008676,0.866151,0.009235,0.011271,0.104666
0.082371,0.454076,0.459428,0.000008,0.004117
0.000897,0.990998,0.002666,0.003410,0.002029
0.285883,0.156804,0.086427,0.082792,0.388094
0.001234,0.004803,0.005659,0.973393,0.014911
0.651311,0.000133,0.026094,0.322422,0.000041
0.838499,0.156935,0.000403,0.001311,0.002852
0.188242,0.285636,0.087370,0.294704,0.144048
0.162150,0.305461,0.394127,0.126777,0.011485
0.303678,0.032329,0.209532,0.149892,0.304569
0.001222,0.998148,0.000388,0.000080,0.000162
0.238919,0.483574,0.112116,0.004497,0.160893
0.031716,0.192021,0.044033,0.662412,0.069818
0.979153,0.002702,0.001698,0.000496,0.015951
0.051072,0.397029,0.001868,0.051072,0.498960
0.997385,0.000493,0.000118,0.001057,0.000948
0.000012,0.000470,0.000013,0.999454,0.000051
0.042844,0.018000,0.148958,0.780487,0.009710
0.000006,0.000005,0.000008,0.000006,0.999975
0.231426,0.214244,0.014131,0.416204,0.123995
0.000228,0.000198,0.000374,0.002981,0.996219
0.001170,0.078676,0.000610,0.912796,0.006748
0.208924,0.067761,0.687044,0.007297,0.028974
0.010522,0.007974,0.033374,0.830988,0.117142
0.055775,0.552415,0.058224,0.237591,0.095995
0.001928,0.022898,0.006236,0.257991,0.710947
0.063286,0.040860,0.031329,0.727103,0.137422
0.000014,0.000015,0.999890,0.000069,0.000012
0.001905,0.010399,0.180417,0.338713,0.468566
0.044358,0.044358,0.069241,0.009154,0.832890
0.584633,0.010940,0.229842,0.157968,0.016617
0.000100,0.178748,0.001596,0.072858,0.746699
0.999905,0.000065,0.000010,0.000012,0.000008
0.382329,0.029299,0.013960,0.213840,0.360571
0.000034,0.572051,0.295619,0.132209,0.000086
0.025006,0.186948,0.013075,0.761376,0.013595
0.165547,0.246341,0.255062,0.088893,0.244156
0.101242,0.398080,0.026813,0.071093,0.402772
0.019177,0.000027,0.000049,0.980729,0.000018
0.168763,0.289893,0.001517,0.526725,0.013103
0.031991,0.533212,0.010970,0.422476,0.001352
0.064889,0.000718,0.000570,0.932361,0.001462
0.021029,0.035650,0.941227,0.001803,0.000291
0.915097,0.000726,0.000009,0.000206,0.083961
0.072282,0.019974,0.801770,0.098029,0.007945
0.291513,0.265944,0.016510,0.018929,0.407104
0.000668,0.364039,0.398260,0.235961,0.001072
0.065156,0.006669,0.010169,0.914280,0.003726
0.111652,0.101424,0.425971,0.055930,0.305023
0.000049,0.000056,0.002119,0.997716,0.000059
0.000219,0.000547,0.000834,0.000291,0.998109
0.000364,0.728805,0.261646,0.008944,0.000241
0.003415,0.000321,0.984716,0.006053,0.005495
0.008225,0.942401,0.038936,0.003402,0.007036
0.800612,0.071546,0.008244,0.000598,0.119000
0.000082,0.000527,0.026389,0.182949,0.790053
0.089287,0.060415,0.108811,0.548019,0.193468
0.013278,0.018506,0.932426,0.005159,0.030631
0.015918,0.076985,0.023115,0.615067,0.268916
0.998819,0.000203,0.000269,0.000249,0.000460
0.257270,0.247535,0.250789,0.156768,0.087639
0.000358,0.000154,0.000162,0.999174,0.000152
0.391135,0.381329,0.061166,0.048009,0.118361
0.000118,0.000030,0.000006,0.999840,0.000006
0.000030,0.000124,0.000060,0.745979,0.253807
0.000443,0.000363,0.000248,0.995739,0.003207
0.015439,0.000046,0.280636,0.656334,0.047545
0.015297,0.000994,0.759715,0.001169,0.222824
0.000299,0.018737,0.979686,0.000269,0.001008
0.071944,0.055161,0.468216,0.344568,0.060111
0.000060,0.000011,0.999725,0.000054,0.000151
0.050849,0.025098,0.175669,0.061696,0.686689
0.000161,0.779160,0.000017,0.000030,0.220632
0.323214,0.113293,0.064678,0.491401,0.007414
0.009102,0.188430,0.001441,0.799540,0.001487
0.477924,0.042397,0.053230,0.183181,0.243267
0.073771,0.001465,0.363300,0.559113,0.002351
0.000277,0.957911,0.040793,0.001011,0.000008
0.000126,0.002277,0.000202,0.000187,0.997208
0.029162,0.610562,0.017177,0.314444,0.028654
0.777974,0.181698,0.006117,0.033784,0.000427
0.016217,0.543370,0.020421,0.033932,0.386060
0.008888,0.058011,0.175573,0.003758,0.753770
0.004880,0.005623,0.000181,0.050164,0.939153
0.030162,0.000029,0.503218,0.151685,0.314906
0.621494,0.061717,0.047878,0.183893,0.085018
0.000084,0.000117,0.000717,0.997390,0.001693
0.994396,0.003948,0.000705,0.000405,0.000546
0.000028,0.000037,0.000015,0.999824,0.000097
0.206050,0.265608,0.000002,0.256433,0.271907
0.000021,0.999004,0.000945,0.000014,0.000016
0.029400,0.903946,0.045049,0.019056,0.002549
0.056955,0.013835,0.919201,0.008229,0.001780
0.047544,0.013151,0.001962,0.935563,0.001780
0.395769,0.137175,0.256027,0.154532,0.056496
0.520470,0.000005,0.000007,0.479480,0.000038
0.057108,0.032027,0.214946,0.361375,0.334544
0.996823,0.000459,0.000498,0.001140,0.001079
0.019986,0.007556,0.007630,0.071621,0.893207
0.378655,0.094439,0.323249,0.179214,0.024444
0.000060,0.031614,0.000054,0.569747,0.398525
0.022872,0.002700,0.000640,0.897705,0.076083
0.944984,0.000109,0.000298,0.054517,0.000093
0.779060,0.209809,0.001792,0.001792,0.007546
0.793789,0.033345,0.034269,0.107638,0.030959
0.001205,0.009011,0.000648,0.986129,0.003007
0.000051,0.013208,0.986600,0.000071,0.000071
0.000374,0.045459,0.954086,0.000045,0.000037
0.000199,0.013368,0.986007,0.000161,0.000265
0.030318,0.001764,0.007894,0.959892,0.000132
0.648178,0.010497,0.292157,0.047693,0.001475
0.163367,0.096603,0.317368,0.035331,0.387331
0.133711,0.003562,0.175503,0.412464,0.274760
0.668123,0.011012,0.009910,0.013026,0.297929
0.000013,0.999866,0.000095,0.000017,0.000008
0.001200,0.705175,0.021556,0.178296,0.093772
0.027556,0.065974,0.848901,0.039356,0.018213
0.190840,0.191587,0.187149,0.193845,0.236578
0.192669,0.171363,0.310905,0.030129,0.294934
0.187756,0.262718,0.244701,0.247042,0.057782
0.136559,0.223395,0.310154,0.136559,0.193333
0.000561,0.989349,0.000073,0.009643,0.000373
0.000819,0.003001,0.000097,0.995985,0.000097
0.000616,0.000362,0.367799,0.630554,0.000670
0.154058,0.647345,0.052211,0.094174,0.052211
0.047489,0.018452,0.909711,0.006254,0.018095
0.010225,0.001677,0.984569,0.000358,0.003171
0.062278,0.044595,0.185928,0.547543,0.159655
0.052725,0.405302,0.183533,0.082302,0.276139
0.992594,0.000053,0.007292,0.000042,0.000019
0.996885,0.000393,0.000194,0.000200,0.002328
0.193393,0.402377,0.011139,0.385642,0.007449
0.373229,0.000103,0.100062,0.206117,0.320489
0.537175,0.123303,0.197230,0.005006,0.137286
0.037303,0.028048,0.038039,0.854008,0.042602
0.011776,0.081426,0.509378,0.299009,0.098410
0.116757,0.117214,0.280085,0.235856,0.250088
0.000032,0.000637,0.000628,0.002289,0.996414
0.000037,0.000434,0.000071,0.000030,0.999428
0.000814,0.004144,0.000268,0.994394,0.000380
0.149188,0.725773,0.041141,0.020171,0.063728
0.207536,0.053469,0.179157,0.266091,0.293746
0.007411,0.015597,0.018450,0.481553,0.476990
0.035015,0.000297,0.964120,0.000287,0.000281
0.233745,0.077081,0.223041,0.188554,0.277579
0.092036,0.044364,0.003011,0.198876,0.661713
0.981275,0.004913,0.000140,0.013616,0.000055
0.009782,0.000844,0.015976,0.000189,0.973210
0.012316,0.062758,0.911028,0.004260,0.009638
0.041441,0.170515,0.156474,0.627384,0.004186
0.082391,0.332288,0.392632,0.003820,0.188870
0.005604,0.000193,0.000294,0.992482,0.001427
0.050102,0.949523,0.000148,0.000084,0.000143
0.341563,0.164847,0.172084,0.305279,0.016227
0.761563,0.031680,0.000515,0.184320,0.021923
0.138334,0.068883,0.149574,0.438766,0.204444
0.029573,0.008845,0.818257,0.049526,0.093800
0.044614,0.046437,0.044267,0.051956,0.812726
0.000065,0.000057,0.092720,0.095944,0.811214
0.000081,0.000542,0.997065,0.001917,0.000396
0.013974,0.000114,0.000405,0.984457,0.001050
0.145822,0.485246,0.000272,0.368076,0.000584
0.001514,0.001586,0.988865,0.003603,0.004432
0.738818,0.014129,0.004687,0.005127,0.237238
0.024750,0.125813,0.006456,0.834138,0.008842
0.000051,0.778929,0.000746,0.220137,0.000138
0.062143,0.009746,0.109759,0.375686,0.442666
0.061681,0.018720,0.058057,0.600553,0.260989
0.012524,0.628100,0.193865,0.153084,0.012427
0.995918,0.000080,0.000100,0.003812,0.000090
0.016890,0.038435,0.067587,0.846205,0.030883
0.823873,0.003235,0.000251,0.000957,0.171684
0.157069,0.183992,0.014119,0.551986,0.092834
0.245630,0.512938,0.213616,0.004128,0.023688
0.011865,0.559821,0.425682,0.001676,0.000955
0.597575,0.121405,0.015107,0.234243,0.031670
0.003179,0.009199,0.458177,0.456168,0.073277
0.957843,0.000185,0.000106,0.008001,0.033866
0.852820,0.018594,0.104525,0.012195,0.011866
0.000019,0.999886,0.000048,0.000026,0.000020
0.000071,0.000695,0.998257,0.000079,0.000898
0.001544,0.128631,0.001384,0.605407,0.263034
0.970729,0.003194,0.000586,0.024927,0.000564
0.147678,0.340690,0.511436,0.000011,0.000184
0.000104,0.016167,0.983273,0.000243,0.000213
0.507445,0.111063,0.272879,0.002221,0.106392
0.994726,0.001151,0.002576,0.001006,0.000541
0.009048,0.974337,0.008111,0.001988,0.006517
0.199925,0.732725,0.046842,0.015118,0.005391
0.013101,0.050813,0.691591,0.229179,0.015317
0.000101,0.001492,0.904125,0.093451,0.000831
0.003519,0.164327,0.120401,0.229711,0.482042
0.018841,0.819317,0.076581,0.020773,0.064488
0.055040,0.003299,0.022611,0.326153,0.592897
0.000041,0.000017,0.999905,0.000020,0.000017
0.046810,0.024861,0.381366,0.004934,0.542030
0.105255,0.079606,0.079528,0.081972,0.653639
0.266621,0.019966,0.373069,0.311407,0.028937
0.000050,0.996940,0.002608,0.000036,0.000367
0.000020,0.999816,0.000126,0.000025,0.000014
0.997947,0.000848,0.000544,0.000487,0.000173
0.005107,0.005458,0.035729,0.915523,0.038182
0.024061,0.005839,0.174863,0.656231,0.139005
0.341688,0.032219,0.227882,0.005123,0.393088
0.242941,0.414469,0.308007,0.034222,0.000360
0.280381,0.008634,0.000141,0.000438,0.710406
0.019615,0.000845,0.002380,0.974129,0.003032
0.000067,0.000069,0.999307,0.000188,0.000370
0.026993,0.099415,0.604843,0.116249,0.152499
0.351301,0.648671,0.000007,0.000009,0.000012
0.000081,0.000083,0.999399,0.000068,0.000369
0.345454,0.126220,0.020807,0.047628,0.459892
0.096854,0.559402,0.276924,0.057848,0.008972
0.070584,0.253193,0.168663,0.431538,0.076022
0.001801,0.166896,0.545096,0.284732,0.001475
0.033554,0.671976,0.001380,0.018639,0.274452
0.516230,0.453297,0.009910,0.005918,0.014646
0.006861,0.000262,0.440520,0.551457,0.000900
0.070953,0.009398,0.888343,0.010044,0.021262
0.999136,0.000261,0.000163,0.000081,0.000359
0.485596,0.369692,0.005568,0.128922,0.010222
0.778086,0.001761,0.150503,0.004603,0.065047
0.535397,0.013260,0.045610,0.405721,0.000012
0.165014,0.209414,0.267844,0.166308,0.191420
0.000179,0.280088,0.000044,0.715229,0.004461
0.470966,0.042459,0.024863,0.206152,0.255560
0.006503,0.382013,0.100927,0.033740,0.476817
0.000088,0.791552,0.196265,0.002399,0.009695
0.007464,0.000373,0.010484,0.977533,0.004146
0.607655,0.284941,0.025801,0.077179,0.004423
0.997352,0.000668,0.000972,0.000510,0.000498
0.004503,0.993422,0.000948,0.000363,0.000764
0.958591,0.001123,0.032057,0.004783,0.003445
0.175811,0.004384,0.306456,0.009567,0.503782
0.004917,0.627496,0.159666,0.179517,0.028404
0.008169,0.040841,0.003814,0.926760,0.020416
0.254203,0.388182,0.287488,0.010916,0.059211
0.002156,0.972300,0.001398,0.022556,0.001590
0.055862,0.662423,0.067382,0.007186,0.207147
0.015611,0.010480,0.353908,0.564440,0.055561
0.582123,0.155457,0.006105,0.136656,0.119660
0.088647,0.604279,0.000954,0.001377,0.304742
0.054557,0.049096,0.071156,0.038990,0.786201
0.077392,0.549946,0.051253,0.133200,0.188209
0.725580,0.098389,0.054761,0.053912,0.067358
0.000349,0.968960,0.012609,0.000335,0.017747
0.909908,0.002070,0.085716,0.002269,0.000038
0.998508,0.000012,0.000232,0.001033,0.000216
0.013334,0.464547,0.488747,0.033312,0.000060
0.025600,0.013281,0.921113,0.023861,0.016145
0.216723,0.338630,0.100785,0.260144,0.083717
0.154520,0.170371,0.248858,0.230156,0.196095
0.000055,0.000024,0.777903,0.000013,0.222004
0.000074,0.971930,0.000326,0.026775,0.000894
0.342360,0.024682,0.012435,0.031508,0.589015
0.136767,0.000217,0.000128,0.000184,0.862704
0.378449,0.319934,0.130279,0.033198,0.138140
0.214504,0.058872,0.217882,0.120326,0.388417
0.999195,0.000126,0.000487,0.000131,0.000062
0.000158,0.000114,0.000129,0.941196,0.058403
0.000107,0.000847,0.006696,0.992280,0.000071
0.006188,0.851899,0.000718,0.002202,0.138992
0.663541,0.006046,0.017290,0.144203,0.168920
0.872904,0.009463,0.008890,0.046307,0.062435
0.563132,0.001291,0.034268,0.039848,0.361461
0.000562,0.854686,0.119691,0.017817,0.007244
0.025338,0.733280,0.151026,0.035872,0.054485
0.000009,0.811052,0.000012,0.000012,0.188916
0.109924,0.086787,0.374419,0.232766,0.196104
0.004201,0.007787,0.013882,0.969880,0.004250
0.105251,0.610426,0.112477,0.034573,0.137273
0.196964,0.550246,0.181098,0.030062,0.041630
0.905406,0.000082,0.000043,0.007241,0.087229
0.000482,0.000257,0.998004,0.000615,0.000642
0.001470,0.004618,0.001333,0.990912,0.001666
0.999885,0.000021,0.000017,0.000009,0.000068
0.710858,0.007546,0.279466,0.001086,0.001044
0.003855,0.022934,0.924190,0.017210,0.031810
0.007236,0.240592,0.004475,0.001630,0.746067
0.096313,0.830396,0.073200,0.000054,0.000036
0.023664,0.002514,0.865394,0.011488,0.096941
0.221182,0.000828,0.000643,0.776537,0.000810
0.000091,0.000128,0.001852,0.997478,0.000451
0.997240,0.000067,0.000123,0.002559,0.000011
0.238135,0.395698,0.078990,0.063470,0.223707
0.003935,0.012455,0.162235,0.716166,0.105208
0.998199,0.000271,0.000488,0.000504,0.000538
0.000048,0.999207,0.000202,0.000142,0.000400
0.057118,0.052210,0.192850,0.312416,0.385406
0.112220,0.854683,0.022423,0.000408,0.010266
0.082670,0.014143,0.045299,0.139532,0.718356
0.000119,0.000295,0.001907,0.997358,0.000322
0.066545,0.000018,0.000021,0.813856,0.119560
0.019286,0.932871,0.000462,0.045369,0.002013
0.855522,0.048265,0.080908,0.006532,0.008773
0.000021,0.000047,0.000195,0.089113,0.910623
0.160641,0.490720,0.054283,0.263305,0.031051
0.106774,0.324421,0.318768,0.024437,0.225599
0.806869,0.172423,0.000837,0.018663,0.001208
0.147854,0.162386,0.172185,0.235349,0.282226
0.295321,0.000097,0.000011,0.059531,0.645040
0.090867,0.000048,0.043301,0.262162,0.603622
0.002075,0.001573,0.005077,0.022663,0.968612
0.000016,0.999935,0.000014,0.000016,0.000019
0.001721,0.989712,0.007360,0.000559,0.000648
0.074858,0.004916,0.555027,0.325647,0.039551
0.054498,0.019883,0.004024,0.118801,0.802795
0.006284,0.005755,0.356077,0.624934,0.006949
0.092718,0.543880,0.081584,0.205102,0.076716
0.008661,0.064751,0.102667,0.009256,0.814665
0.228265,0.021149,0.014592,0.713480,0.022513
0.010543,0.006271,0.025689,0.744181,0.213316
0.016730,0.019560,0.027156,0.923319,0.013235
0.067960,0.668511,0.091629,0.104337,0.067563
0.112441,0.774418,0.071054,0.022888,0.019199
0.044004,0.000129,0.936261,0.002068,0.017538
0.006739,0.848790,0.144363,0.000066,0.000042
0.000463,0.001421,0.003901,0.993593,0.000621
0.000895,0.034811,0.932650,0.004105,0.027538
0.005957,0.329193,0.474144,0.029150,0.161556
0.023508,0.030900,0.032257,0.901281,0.012054
0.000881,0.031843,0.013908,0.020285,0.933083
0.094284,0.073285,0.158513,0.279288,0.394630
0.000029,0.007811,0.990154,0.000312,0.001693
0.004515,0.004695,0.004176,0.865056,0.121558
0.999950,0.000009,0.000007,0.000025,0.000008
0.413278,0.255859,0.313792,0.000858,0.016213
0.184444,0.054522,0.289182,0.086121,0.385731
0.042174,0.002626,0.011263,0.941299,0.002639
0.006108,0.026530,0.021069,0.475919,0.470374
0.038884,0.955049,0.005602,0.000236,0.000229
0.512457,0.345394,0.031017,0.090631,0.020501
0.243970,0.004158,0.001836,0.000021,0.750015
0.322043,0.002664,0.322988,0.135037,0.217268
0.200737,0.058133,0.219018,0.334044,0.188069
0.151856,0.246005,0.150086,0.268343,0.183710
0.031794,0.002416,0.000376,0.961455,0.003960
0.004048,0.786721,0.000135,0.156053,0.053043
0.126487,0.125013,0.202916,0.151385,0.394199
0.000505,0.000088,0.971422,0.027916,0.000069
0.000108,0.002053,0.014281,0.028235,0.955322
0.008849,0.004736,0.084161,0.006673,0.895581
0.003694,0.004491,0.001413,0.988016,0.002385
0.596158,0.327306,0.005859,0.001532,0.069145
0.769412,0.000154,0.000135,0.000181,0.230119
0.007501,0.557853,0.374525,0.058797,0.001325
0.033704,0.079909,0.852835,0.018182,0.015371
0.000565,0.000580,0.000796,0.000547,0.997511
0.000110,0.093659,0.000009,0.758587,0.147634
0.052438,0.046548,0.680686,0.008997,0.211331
0.994017,0.002128,0.000042,0.003770,0.000043
0.042614,0.028498,0.052212,0.867709,0.008967
0.969828,0.000680,0.003481,0.004647,0.021364
0.000050,0.100864,0.897236,0.000590,0.001260
0.002444,0.002596,0.039382,0.949962,0.005616
0.211225,0.038504,0.004114,0.586638,0.159519
0.606764,0.027212,0.239009,0.099536,0.027479
0.004275,0.100192,0.285699,0.601879,0.007956
0.035831,0.327575,0.100100,0.314411,0.222082
0.000059,0.004339,0.000147,0.001564,0.993892
0.011359,0.058345,0.018011,0.394602,0.517683
0.108157,0.096555,0.570727,0.201325,0.023237
0.037004,0.001973,0.004160,0.012250,0.944613
0.007111,0.001574,0.762390,0.228911,0.000014
0.200049,0.000562,0.000702,0.000492,0.798195
0.018552,0.285382,0.007054,0.619689,0.069324
0.335346,0.046733,0.318120,0.197525,0.102275
0.121208,0.220339,0.055778,0.212935,0.389740
0.000052,0.999794,0.000048,0.000049,0.000057
0.000210,0.000008,0.999758,0.000010,0.000014
0.153834,0.587409,0.060066,0.111890,0.086800
0.183442,0.099735,0.250246,0.088707,0.377871
0.000167,0.008680,0.409353,0.002260,0.579540
0.010714,0.016823,0.822538,0.016889,0.133036
0.000496,0.992887,0.003868,0.001827,0.000922
0.026433,0.209750,0.454572,0.151225,0.158019
0.072127,0.002619,0.921414,0.002479,0.001361
0.000019,0.000195,0.000067,0.966580,0.033139
0.000070,0.880076,0.000036,0.001177,0.118641
0.133185,0.000152,0.000147,0.000156,0.866359
0.002713,0.001620,0.002745,0.000095,0.992826
0.293600,0.088619,0.197982,0.147200,0.272599
0.000037,0.002643,0.968135,0.029093,0.000092
0.000772,0.049526,0.000157,0.374311,0.575233
0.000058,0.996818,0.001854,0.000837,0.000433
0.000060,0.002027,0.005210,0.992212,0.000491
0.000119,0.000166,0.999491,0.000131,0.000094
0.000610,0.004309,0.087391,0.002375,0.905316
0.000017,0.000312,0.810635,0.188082,0.000954
0.000574,0.002749,0.000760,0.038852,0.957064
0.000020,0.999538,0.000251,0.000047,0.000144
0.148099,0.426868,0.180747,0.133796,0.110489
0.631663,0.144285,0.066837,0.079682,0.077533
0.222643,0.146013,0.085168,0.051255,0.494921
0.000544,0.000484,0.995354,0.001389,0.002229
0.660211,0.172732,0.119648,0.038844,0.008566
0.011128,0.551592,0.012463,0.006415,0.418401
0.433196,0.383790,0.138322,0.043250,0.001442
0.053583,0.482504,0.135367,0.008850,0.319695
0.030886,0.261656,0.007423,0.689372,0.010664
0.021442,0.195640,0.037853,0.568319,0.176746
0.103588,0.144380,0.078192,0.162966,0.510874
0.607951,0.221696,0.000988,0.066015,0.103350
0.964915,0.000390,0.002453,0.002802,0.029440
0.030435,0.077491,0.000568,0.031958,0.859549
0.019248,0.952187,0.009528,0.005679,0.013359
0.058680,0.021756,0.018537,0.314139,0.586888
0.000451,0.988643,0.006597,0.004230,0.000079
0.064391,0.140642,0.009608,0.013082,0.772277
0.340771,0.357125,0.204081,0.096448,0.001575
0.000108,0.999795,0.000018,0.000026,0.000053
0.004551,0.002681,0.001087,0.098556,0.893124
0.000016,0.000008,0.000078,0.000008,0.999890
0.001594,0.008652,0.981310,0.003885,0.004559
0.006148,0.000934,0.004971,0.673091,0.314856
0.702354,0.035567,0.107960,0.086494,0.067625
0.052868,0.378883,0.376670,0.033636,0.157942
0.786865,0.022618,0.145484,0.024599,0.020434
0.930771,0.000041,0.069159,0.000010,0.000018
0.976715,0.013257,0.001369,0.000051,0.008608
0.445722,0.453183,0.009647,0.050352,0.041096
0.003616,0.005031,0.507165,0.000249,0.483940
0.006345,0.007744,0.001225,0.984009,0.000677
0.203883,0.150041,0.136614,0.178526,0.330936
0.843522,0.000096,0.005337,0.000106,0.150940
0.643016,0.001070,0.000046,0.007630,0.348239
0.999974,0.000007,0.000006,0.000007,0.000006
0.311634,0.028873,0.407242,0.071184,0.181066
0.007165,0.946687,0.004253,0.037541,0.004354
0.002625,0.951298,0.037175,0.007627,0.001275
0.997241,0.002712,0.000012,0.000011,0.000023
0.081566,0.011191,0.821377,0.077679,0.008187
0.068068,0.930297,0.000305,0.001102,0.000227
0.000285,0.005853,0.993064,0.000311,0.000486
0.902051,0.002673,0.090192,0.001354,0.003730
0.257978,0.050403,0.005953,0.646027,0.039639
0.000030,0.000063,0.759139,0.000020,0.240747
0.996692,0.000915,0.002328,0.000015,0.000050
0.093697,0.031569,0.047483,0.072971,0.754279
0.000054,0.005958,0.000029,0.000019,0.993940
0.001324,0.475712,0.321961,0.188120,0.012883
0.302241,0.016571,0.661285,0.010350,0.009553
0.990030,0.000693,0.006535,0.001000,0.001742
0.000398,0.000629,0.971427,0.026893,0.000654
0.431235,0.090790,0.106352,0.122410,0.249214
0.000031,0.783406,0.000046,0.000666,0.215851
0.416548,0.187021,0.103890,0.119576,0.172966
0.000267,0.000758,0.000220,0.341596,0.657159
0.263165,0.298205,0.152904,0.138678,0.147047
0.385850,0.016320,0.113169,0.262870,0.221791
0.255127,0.361194,0.113655,0.000030,0.269994
0.000110,0.000011,0.000013,0.999855,0.000012
0.000030,0.003527,0.362278,0.000827,0.633338
0.000025,0.397265,0.508110,0.094543,0.000056
0.054339,0.284717,0.076332,0.524698,0.059914
0.999784,0.000119,0.000031,0.000027,0.000039
0.001241,0.000263,0.000391,0.000217,0.997888
0.073383,0.003459,0.222747,0.601953,0.098458
0.261671,0.002930,0.236284,0.173461,0.325654
0.059919,0.143177,0.005728,0.132676,0.658499
0.105601,0.045242,0.493570,0.140173,0.215414
0.005684,0.008222,0.005403,0.009745,0.970947
0.006573,0.000047,0.001431,0.000174,0.991776
0.529943,0.102734,0.288125,0.036204,0.042994
0.357491,0.632646,0.003484,0.003364,0.003015
0.000041,0.152015,0.006598,0.791849,0.049497
0.228719,0.000052,0.000211,0.269496,0.501523
0.153738,0.181856,0.012768,0.226324,0.425314
0.728676,0.157587,0.064045,0.049490,0.000201
0.009946,0.546422,0.131525,0.043288,0.268820
0.121935,0.096306,0.091963,0.043213,0.646583
0.002104,0.275676,0.053026,0.000085,0.669108
0.014240,0.046692,0.018356,0.002366,0.918346
0.953010,0.044966,0.000038,0.001827,0.000158
0.012129,0.314345,0.031769,0.004901,0.636857
0.301780,0.000572,0.696199,0.000343,0.001107
0.000238,0.268324,0.727956,0.000183,0.003299
0.698257,0.015924,0.073884,0.208837,0.003098
0.000832,0.955605,0.008861,0.023346,0.011356
0.000028,0.995194,0.002106,0.000655,0.002017
0.004139,0.096444,0.012406,0.003582,0.883428
0.113945,0.037649,0.011893,0.646806,0.189708
0.000125,0.001128,0.994054,0.000076,0.004617
0.000004,0.431080,0.551360,0.000004,0.017551
0.000323,0.083906,0.000712,0.914489,0.000570
0.000608,0.000533,0.898457,0.024013,0.076389
0.099057,0.413397,0.193188,0.271907,0.022451
0.038498,0.030663,0.294857,0.626655,0.009327
0.077657,0.829605,0.067141,0.002076,0.023523
0.045862,0.020752,0.157054,0.035439,0.740893
0.015679,0.044599,0.236553,0.689857,0.013313
0.997962,0.000905,0.000180,0.000736,0.000218
0.000038,0.000119,0.015843,0.000010,0.983990
0.296988,0.700023,0.000932,0.001749,0.000309
0.001024,0.000749,0.980422,0.014613,0.003191
0.000039,0.999924,0.000012,0.000007,0.000018
0.187696,0.354795,0.179100,0.151408,0.127001
0.063475,0.387884,0.000619,0.547539,0.000482
0.710595,0.077576,0.120387,0.066354,0.025087
0.095073,0.872565,0.000007,0.032347,0.000008
0.000057,0.881056,0.118773,0.000059,0.000055
0.821898,0.045471,0.115889,0.012108,0.004635
0.397582,0.145124,0.064273,0.223023,0.169999
0.324171,0.304828,0.006703,0.356642,0.007655
0.058303,0.013687,0.018062,0.489122,0.420827
0.000785,0.997025,0.000659,0.000761,0.000770
0.999877,0.000016,0.000067,0.000017,0.000023
0.002772,0.369433,0.001501,0.625976,0.000318
0.090160,0.006414,0.712285,0.183142,0.007998
0.847540,0.011672,0.085782,0.054753,0.000253
0.076993,0.178665,0.215933,0.519770,0.008638
0.099897,0.286340,0.155605,0.400662,0.057496
0.006094,0.462596,0.436270,0.094997,0.000043
0.003817,0.003408,0.976130,0.003530,0.013115
0.004098,0.981392,0.000833,0.012696,0.000981
0.000209,0.000037,0.999691,0.000033,0.000029
0.505706,0.043759,0.123687,0.057745,0.269104
0.149109,0.046372,0.325048,0.433996,0.045476
0.884194,0.000405,0.001085,0.028284,0.086032
0.585862,0.244462,0.088885,0.047577,0.033214
0.186212,0.001966,0.576943,0.125997,0.108882
0.012054,0.026277,0.666198,0.167703,0.127769
0.000218,0.104127,0.011010,0.798489,0.086156
0.000678,0.958717,0.002613,0.037944,0.000048
0.053599,0.026122,0.656801,0.214485,0.048993
0.000921,0.027159,0.001334,0.003819,0.966767
0.028821,0.647066,0.061795,0.207624,0.054694
0.039845,0.002525,0.000326,0.000395,0.956909
0.982465,0.000014,0.000013,0.017475,0.000034
0.177187,0.117342,0.342873,0.246962,0.115636
0.963573,0.017290,0.013785,0.001172,0.004180
0.207280,0.208906,0.173189,0.200903,0.209723
0.749289,0.017864,0.016457,0.006150,0.210240
0.000014,0.000016,0.397905,0.602012,0.000054
0.172332,0.179547,0.251723,0.294294,0.102103
0.001469,0.001723,0.100966,0.008163,0.887679
0.000012,0.000012,0.999950,0.000013,0.000012
0.999953,0.000011,0.000012,0.000012,0.000012
0.009763,0.007648,0.966119,0.004392,0.012079
0.625781,0.000108,0.000054,0.372214,0.001844
0.049966,0.541928,0.002625,0.001574,0.403908
0.000251,0.395859,0.000853,0.000603,0.602435
0.000060,0.000056,0.000021,0.994421,0.005442
0.314719,0.062458,0.243196,0.055551,0.324076
0.161665,0.045600,0.287075,0.370055,0.135605
0.041423,0.020031,0.738555,0.016868,0.183124
0.027224,0.065883,0.831332,0.054193,0.021368
0.966361,0.008001,0.019726,0.000644,0.005268
0.095674,0.018295,0.846920,0.025301,0.013810
0.000310,0.025503,0.093879,0.000415,0.879893
0.623555,0.108994,0.042369,0.000126,0.224956
0.000079,0.000036,0.000065,0.000020,0.999800
0.000179,0.000102,0.000033,0.999660,0.000026
0.234218,0.014052,0.020267,0.017033,0.714430
0.592928,0.123679,0.063851,0.024015,0.195527
0.153468,0.215845,0.076943,0.366627,0.187117
0.259065,0.161081,0.196438,0.325893,0.057524
0.017385,0.003188,0.001121,0.018853,0.959453
0.015019,0.118595,0.495537,0.082228,0.288621
0.168155,0.349440,0.146954,0.044906,0.290546
0.011033,0.848277,0.040358,0.067456,0.032875
0.023352,0.020209,0.003286,0.003827,0.949326
0.791889,0.027794,0.065129,0.102263,0.012925
0.000072,0.000343,0.000078,0.000463,0.999044
0.855887,0.133713,0.001898,0.004734,0.003767
0.003261,0.025788,0.503493,0.050048,0.417411
0.014995,0.166981,0.813128,0.002450,0.002445
0.031558,0.080430,0.088335,0.006960,0.792718
0.000050,0.999814,0.000011,0.000009,0.000116
0.118958,0.131161,0.059583,0.492825,0.197473
0.002376,0.233527,0.105994,0.000597,0.657506
0.006611,0.008164,0.000646,0.981163,0.003416
0.557625,0.026298,0.253576,0.112352,0.050149
0.546344,0.000729,0.090063,0.063491,0.299372
0.286733,0.128235,0.260055,0.112726,0.212251
0.000034,0.899130,0.099899,0.000711,0.000226
